0
0.01
True
0 0
0.01 0.313952597646567
0.02 0.626666167821521
0.03 0.936906572928623
0.04 1.24344943582427
0.05 1.54508497187474
0.06 1.84062276342339
0.07 2.12889645782536
0.08 2.40876837050858
0.09 2.67913397489498
0.1 2.93892626146237
0.11 3.18711994874345
0.12 3.42273552964344
0.13 3.64484313710706
0.14 3.85256621387895
0.15 4.04508497187474
0.16 4.22163962751008
0.17 4.38153340021932
0.18 4.5241352623301
0.19 4.64888242944126
0.2 4.75528258147577
0.21 4.84291580564316
0.22 4.91143625364344
0.23 4.96057350657239
0.24 4.99013364214136
0.25 5
0.26 4.99013364214136
0.27 4.96057350657239
0.28 4.91143625364344
0.29 4.84291580564315
0.3 4.75528258147577
0.31 4.64888242944126
0.32 4.5241352623301
0.33 4.38153340021932
0.34 4.22163962751007
0.35 4.04508497187473
0.36 3.85256621387894
0.37 3.64484313710705
0.38 3.42273552964344
0.39 3.18711994874344
0.4 2.93892626146236
0.41 2.67913397489498
0.42 2.40876837050857
0.43 2.12889645782536
0.44 1.84062276342338
0.45 1.54508497187473
0.46 1.24344943582427
0.47 0.936906572928616
0.48 0.626666167821514
0.49 0.313952597646559
0.5 -6.04903497083975E-15
0.51 -0.313952597646573
0.52 -0.626666167821528
0.53 -0.93690657292863
0.54 -1.24344943582428
0.55 -1.54508497187475
0.56 -1.8406227634234
0.57 -2.12889645782537
0.58 -2.40876837050858
0.59 -2.67913397489499
0.6 -2.93892626146237
0.61 -3.18711994874346
0.62 -3.42273552964345
0.63 -3.64484313710706
0.64 -3.85256621387895
0.65 -4.04508497187474
0.66 -4.22163962751008
0.67 -4.38153340021932
0.68 -4.5241352623301
0.69 -4.64888242944126
0.7 -4.75528258147577
0.71 -4.84291580564316
0.72 -4.91143625364345
0.73 -4.96057350657239
0.74 -4.99013364214136
0.75 -5
0.76 -4.99013364214136
0.77 -4.96057350657239
0.78 -4.91143625364344
0.79 -4.84291580564315
0.8 -4.75528258147576
0.81 -4.64888242944125
0.82 -4.52413526233009
0.83 -4.38153340021931
0.84 -4.22163962751007
0.85 -4.04508497187473
0.86 -3.85256621387894
0.87 -3.64484313710705
0.88 -3.42273552964343
0.89 -3.18711994874343
0.9 -2.93892626146235
0.91 -2.67913397489497
0.92 -2.40876837050856
0.93 -2.12889645782535
0.94 -1.84062276342337
0.95 -1.54508497187472
0.96 -1.24344943582426
0.97 -0.936906572928606
0.98 -0.626666167821501
0.99 -0.313952597646549
1 2.09798541386808E-14
1.01 0.313952597646586
1.02 0.626666167821543
1.03 0.936906572928643
1.04 1.2434494358243
1.05 1.54508497187476
1.06 1.84062276342341
1.07 2.12889645782538
1.08 2.40876837050859
1.09 2.679133974895
1.1 2.93892626146238
1.11 3.18711994874347
1.12 3.42273552964346
1.13 3.64484313710707
1.14 3.85256621387896
1.15 4.04508497187475
1.16 4.22163962751009
1.17 4.38153340021933
1.18 4.52413526233011
1.19 4.64888242944127
1.2 4.75528258147578
1.21 4.84291580564316
1.22 4.91143625364345
1.23 4.96057350657239
1.24 4.99013364214136
1.25 5
1.26 4.99013364214136
1.27 4.96057350657239
1.28 4.91143625364344
1.29 4.84291580564315
1.3 4.75528258147576
1.31 4.64888242944124
1.32 4.52413526233008
1.33 4.3815334002193
1.34 4.22163962751006
1.35 4.04508497187472
1.36 3.85256621387893
1.37 3.64484313710704
1.38 3.42273552964342
1.39 3.18711994874343
1.4 2.93892626146234
1.41 2.67913397489496
1.42 2.40876837050855
1.43 2.12889645782534
1.44 1.84062276342336
1.45 1.54508497187471
1.46 1.24344943582424
1.47 0.936906572928593
1.48 0.626666167821493
1.49 0.313952597646531
1.5 -3.36902272572714E-14
1.51 -0.313952597646599
1.52 -0.626666167821551
1.53 -0.93690657292866
1.54 -1.24344943582431
1.55 -1.54508497187477
1.56 -1.84062276342342
1.57 -2.1288964578254
1.58 -2.40876837050861
1.59 -2.67913397489501
1.6 -2.93892626146239
1.61 -3.18711994874347
1.62 -3.42273552964347
1.63 -3.64484313710708
1.64 -3.85256621387897
1.65 -4.04508497187476
1.66 -4.2216396275101
1.67 -4.38153340021934
1.68 -4.52413526233011
1.69 -4.64888242944127
1.7 -4.75528258147578
1.71 -4.84291580564317
1.72 -4.91143625364345
1.73 -4.96057350657239
1.74 -4.99013364214136
1.75 -5
1.76 -4.99013364214136
1.77 -4.96057350657238
1.78 -4.91143625364344
1.79 -4.84291580564314
1.8 -4.75528258147575
1.81 -4.64888242944124
1.82 -4.52413526233008
1.83 -4.3815334002193
1.84 -4.22163962751005
1.85 -4.04508497187471
1.86 -3.85256621387892
1.87 -3.64484313710703
1.88 -3.42273552964341
1.89 -3.18711994874342
1.9 -2.93892626146233
1.91 -2.67913397489495
1.92 -2.40876837050854
1.93 -2.12889645782532
1.94 -1.84062276342335
1.95 -1.5450849718747
1.96 -1.24344943582423
1.97 -0.936906572928577
1.98 -0.626666167821476
1.99 -0.313952597646523
2 4.19597082773615E-14
2.01 0.313952597646598
2.02 0.62666616782155
2.03 0.936906572928642
2.04 1.24344943582428
2.05 1.54508497187474
2.06 1.84062276342339
2.07 2.12889645782536
2.08 2.40876837050856
2.09 2.67913397489497
2.1 2.93892626146234
2.11 3.18711994874342
2.12 3.42273552964341
2.13 3.64484313710703
2.14 3.85256621387891
2.15 4.0450849718747
2.16 4.22163962751004
2.17 4.38153340021928
2.18 4.52413526233006
2.19 4.64888242944122
2.2 4.75528258147574
2.21 4.84291580564313
2.22 4.91143625364342
2.23 4.96057350657238
2.24 4.99013364214135
2.25 5
2.26 4.99013364214137
2.27 4.96057350657241
2.28 4.91143625364347
2.29 4.84291580564319
2.3 4.75528258147582
2.31 4.64888242944132
2.32 4.52413526233017
2.33 4.38153340021941
2.34 4.22163962751018
2.35 4.04508497187485
2.36 3.85256621387907
2.37 3.6448431371072
2.38 3.4227355296436
2.39 3.18711994874362
2.4 2.93892626146255
2.41 2.67913397489518
2.42 2.40876837050879
2.43 2.12889645782559
2.44 1.84062276342363
2.45 1.54508497187498
2.46 1.24344943582454
2.47 0.936906572928891
2.48 0.626666167821803
2.49 0.313952597646852
2.5 2.96160394385597E-13
2.51 -0.313952597646261
2.52 -0.626666167821215
2.53 -0.936906572928309
2.54 -1.24344943582396
2.55 -1.54508497187442
2.56 -1.84062276342308
2.57 -2.12889645782506
2.58 -2.40876837050827
2.59 -2.67913397489468
2.6 -2.93892626146208
2.61 -3.18711994874316
2.62 -3.42273552964317
2.63 -3.6448431371068
2.64 -3.8525662138787
2.65 -4.0450849718745
2.66 -4.22163962750986
2.67 -4.38153340021912
2.68 -4.52413526232992
2.69 -4.6488824294411
2.7 -4.75528258147564
2.71 -4.84291580564305
2.72 -4.91143625364336
2.73 -4.96057350657233
2.74 -4.99013364214133
2.75 -5
2.76 -4.99013364214139
2.77 -4.96057350657245
2.78 -4.91143625364353
2.79 -4.84291580564328
2.8 -4.75528258147592
2.81 -4.64888242944144
2.82 -4.52413526233031
2.83 -4.38153340021957
2.84 -4.22163962751036
2.85 -4.04508497187505
2.86 -3.85256621387928
2.87 -3.64484313710743
2.88 -3.42273552964385
2.89 -3.18711994874387
2.9 -2.93892626146283
2.91 -2.67913397489547
2.92 -2.40876837050908
2.93 -2.12889645782589
2.94 -1.84062276342394
2.95 -1.54508497187531
2.96 -1.24344943582486
2.97 -0.936906572929232
2.98 -0.626666167822138
2.99 -0.313952597647189
3 -6.25398712851555E-13
3.01 0.313952597645923
3.02 0.62666616782088
3.03 0.936906572927986
3.04 1.24344943582364
3.05 1.5450849718741
3.06 1.84062276342277
3.07 2.12889645782475
3.08 2.40876837050797
3.09 2.6791339748944
3.1 2.9389262614618
3.11 3.18711994874291
3.12 3.42273552964292
3.13 3.64484313710657
3.14 3.85256621387849
3.15 4.04508497187431
3.16 4.22163962750968
3.17 4.38153340021896
3.18 4.52413526232978
3.19 4.64888242944098
3.2 4.75528258147553
3.21 4.84291580564296
3.22 4.9114362536433
3.23 4.96057350657229
3.24 4.99013364214131
3.25 5
3.26 4.99013364214141
3.27 4.96057350657249
3.28 4.9114362536436
3.29 4.84291580564336
3.3 4.75528258147603
3.31 4.64888242944157
3.32 4.52413526233046
3.33 4.38153340021973
3.34 4.22163962751054
3.35 4.04508497187525
3.36 3.8525662138795
3.37 3.64484313710767
3.38 3.42273552964409
3.39 3.18711994874413
3.4 2.93892626146309
3.41 2.67913397489575
3.42 2.40876837050938
3.43 2.12889645782619
3.44 1.84062276342426
3.45 1.54508497187563
3.46 1.24344943582518
3.47 0.936906572929547
3.48 0.626666167822474
3.49 0.313952597647527
3.5 9.63518815514514E-13
3.51 -0.313952597645603
3.52 -0.626666167820544
3.53 -0.936906572927654
3.54 -1.24344943582332
3.55 -1.54508497187378
3.56 -1.84062276342245
3.57 -2.12889645782445
3.58 -2.40876837050769
3.59 -2.67913397489411
3.6 -2.93892626146153
3.61 -3.18711994874265
3.62 -3.42273552964267
3.63 -3.64484313710633
3.64 -3.85256621387827
3.65 -4.04508497187411
3.66 -4.2216396275095
3.67 -4.3815334002188
3.68 -4.52413526232964
3.69 -4.64888242944086
3.7 -4.75528258147543
3.71 -4.84291580564288
3.72 -4.91143625364324
3.73 -4.96057350657225
3.74 -4.99013364214129
3.75 -5
3.76 -4.99013364214143
3.77 -4.96057350657253
3.78 -4.91143625364366
3.79 -4.84291580564344
3.8 -4.75528258147613
3.81 -4.64888242944169
3.82 -4.5241352623306
3.83 -4.38153340021989
3.84 -4.22163962751072
3.85 -4.04508497187544
3.86 -3.85256621387971
3.87 -3.64484313710788
3.88 -3.42273552964434
3.89 -3.1871199487444
3.9 -2.93892626146336
3.91 -2.67913397489604
3.92 -2.40876837050967
3.93 -2.1288964578265
3.94 -1.84062276342456
3.95 -1.54508497187595
3.96 -1.24344943582551
3.97 -0.936906572929879
3.98 -0.626666167822791
3.99 -0.313952597647864
4 -1.30163891817747E-12
4.01 0.313952597645266
4.02 0.626666167820226
4.03 0.936906572927339
4.04 1.24344943582301
4.05 1.54508497187347
4.06 1.84062276342215
4.07 2.12889645782416
4.08 2.40876837050741
4.09 2.67913397489384
4.1 2.93892626146127
4.11 3.1871199487424
4.12 3.42273552964244
4.13 3.64484313710611
4.14 3.85256621387807
4.15 4.04508497187393
4.16 4.22163962750932
4.17 4.38153340021864
4.18 4.5241352623295
4.19 4.64888242944073
4.2 4.75528258147533
4.21 4.8429158056428
4.22 4.91143625364318
4.23 4.96057350657221
4.24 4.99013364214127
4.25 5
4.26 4.99013364214145
4.27 4.96057350657257
4.28 4.91143625364372
4.29 4.84291580564352
4.3 4.75528258147623
4.31 4.64888242944181
4.32 4.52413526233074
4.33 4.38153340022004
4.34 4.22163962751089
4.35 4.04508497187563
4.36 3.85256621387992
4.37 3.64484313710812
4.38 3.42273552964457
4.39 3.18711994874464
4.4 2.93892626146362
4.41 2.67913397489631
4.42 2.40876837050995
4.43 2.12889645782679
4.44 1.84062276342485
4.45 1.54508497187625
4.46 1.24344943582582
4.47 0.936906572930194
4.48 0.626666167823127
4.49 0.313952597648184
4.5 1.62199545244643E-12
4.51 -0.313952597644946
4.52 -0.626666167819891
4.53 -0.936906572927007
4.54 -1.24344943582268
4.55 -1.54508497187317
4.56 -1.84062276342184
4.57 -2.12889645782385
4.58 -2.40876837050711
4.59 -2.67913397489356
4.6 -2.938926261461
4.61 -3.18711994874214
4.62 -3.42273552964221
4.63 -3.64484313710588
4.64 -3.85256621387785
4.65 -4.04508497187373
4.66 -4.22163962750914
4.67 -4.38153340021848
4.68 -4.52413526232936
4.69 -4.64888242944061
4.7 -4.75528258147522
4.71 -4.84291580564272
4.72 -4.91143625364311
4.73 -4.96057350657217
4.74 -4.99013364214125
4.75 -5
4.76 -4.99013364214147
4.77 -4.96057350657262
4.78 -4.91143625364378
4.79 -4.84291580564361
4.8 -4.75528258147633
4.81 -4.64888242944193
4.82 -4.52413526233088
4.83 -4.3815334002202
4.84 -4.22163962751107
4.85 -4.04508497187583
4.86 -3.85256621388013
4.87 -3.64484313710834
4.88 -3.42273552964482
4.89 -3.1871199487449
4.9 -2.93892626146389
4.91 -2.67913397489658
4.92 -2.40876837051025
4.93 -2.12889645782709
4.94 -1.84062276342517
4.95 -1.54508497187658
4.96 -1.24344943582615
4.97 -0.936906572930526
4.98 -0.626666167823445
4.99 -0.313952597648521
5 -1.96011555510939E-12
5.01 0.313952597644609
5.02 0.626666167819555
5.03 0.936906572926675
5.04 1.24344943582235
5.05 1.54508497187285
5.06 1.84062276342152
5.07 2.12889645782355
5.08 2.40876837050681
5.09 2.67913397489328
5.1 2.93892626146074
5.11 3.18711994874188
5.12 3.42273552964195
5.13 3.64484313710566
5.14 3.85256621387764
5.15 4.04508497187352
5.16 4.22163962750897
5.17 4.38153340021832
5.18 4.52413526232922
5.19 4.64888242944049
5.2 4.75528258147512
5.21 4.84291580564264
5.22 4.91143625364305
5.23 4.96057350657212
5.24 4.99013364214122
5.25 5
5.26 4.99013364214149
5.27 4.96057350657266
5.28 4.91143625364385
5.29 4.84291580564369
5.3 4.75528258147643
5.31 4.64888242944206
5.32 4.52413526233102
5.33 4.38153340022037
5.34 4.22163962751125
5.35 4.04508497187602
5.36 3.85256621388035
5.37 3.64484313710858
5.38 3.42273552964505
5.39 3.18711994874516
5.4 2.93892626146418
5.41 2.67913397489687
5.42 2.40876837051055
5.43 2.12889645782738
5.44 1.84062276342548
5.45 1.5450849718769
5.46 1.24344943582646
5.47 0.936906572930858
5.48 0.626666167823798
5.49 0.313952597648841
5.5 2.29823565777235E-12
5.51 -0.313952597644254
5.52 -0.626666167819238
5.53 -0.936906572926343
5.54 -1.24344943582204
5.55 -1.54508497187253
5.56 -1.84062276342121
5.57 -2.12889645782326
5.58 -2.40876837050652
5.59 -2.67913397489298
5.6 -2.93892626146046
5.61 -3.18711994874162
5.62 -3.4227355296417
5.63 -3.64484313710543
5.64 -3.85256621387742
5.65 -4.04508497187334
5.66 -4.22163962750879
5.67 -4.38153340021815
5.68 -4.52413526232908
5.69 -4.64888242944037
5.7 -4.75528258147501
5.71 -4.84291580564255
5.72 -4.91143625364299
5.73 -4.96057350657208
5.74 -4.9901336421412
5.75 -5
5.76 -4.99013364214151
5.77 -4.9605735065727
5.78 -4.91143625364391
5.79 -4.84291580564377
5.8 -4.75528258147654
5.81 -4.64888242944218
5.82 -4.52413526233116
5.83 -4.38153340022053
5.84 -4.22163962751143
5.85 -4.04508497187622
5.86 -3.85256621388057
5.87 -3.64484313710881
5.88 -3.4227355296453
5.89 -3.18711994874542
5.9 -2.93892626146443
5.91 -2.67913397489715
5.92 -2.40876837051084
5.93 -2.12889645782769
5.94 -1.8406227634258
5.95 -1.54508497187722
5.96 -1.24344943582679
5.97 -0.93690657293119
5.98 -0.626666167824133
5.99 -0.313952597649179
6 -2.63635576043531E-12
6.01 0.313952597643952
6.02 0.626666167818902
6.03 0.936906572926011
6.04 1.24344943582171
6.05 1.5450849718722
6.06 1.8406227634209
6.07 2.12889645782295
6.08 2.40876837050622
6.09 2.6791339748927
6.1 2.93892626146019
6.11 3.18711994874136
6.12 3.42273552964148
6.13 3.6448431371052
6.14 3.8525662138772
6.15 4.04508497187314
6.16 4.22163962750861
6.17 4.38153340021799
6.18 4.52413526232893
6.19 4.64888242944024
6.2 4.75528258147491
6.21 4.84291580564247
6.22 4.91143625364292
6.23 4.96057350657204
6.24 4.99013364214118
6.25 5
6.26 4.99013364214153
6.27 4.96057350657274
6.28 4.91143625364397
6.29 4.84291580564386
6.3 4.75528258147664
6.31 4.64888242944231
6.32 4.52413526233131
6.33 4.38153340022069
6.34 4.22163962751162
6.35 4.04508497187642
6.36 3.85256621388078
6.37 3.64484313710902
6.38 3.42273552964554
6.39 3.18711994874568
6.4 2.9389262614647
6.41 2.67913397489744
6.42 2.40876837051114
6.43 2.128896457828
6.44 1.84062276342611
6.45 1.54508497187754
6.46 1.24344943582711
6.47 0.936906572931522
6.48 0.626666167824433
6.49 0.313952597649516
6.5 2.97447586309826E-12
6.51 -0.313952597643614
6.52 -0.626666167818567
6.53 -0.936906572925679
6.54 -1.24344943582139
6.55 -1.54508497187188
6.56 -1.84062276342058
6.57 -2.12889645782264
6.58 -2.40876837050593
6.59 -2.67913397489244
6.6 -2.93892626145992
6.61 -3.1871199487411
6.62 -3.42273552964123
6.63 -3.64484313710497
6.64 -3.85256621387699
6.65 -4.04508497187294
6.66 -4.22163962750843
6.67 -4.38153340021783
6.68 -4.52413526232879
6.69 -4.64888242944012
6.7 -4.7552825814748
6.71 -4.84291580564238
6.72 -4.91143625364286
6.73 -4.960573506572
6.74 -4.99013364214116
6.75 -5
6.76 -4.99013364214155
6.77 -4.96057350657278
6.78 -4.91143625364404
6.79 -4.84291580564394
6.8 -4.75528258147675
6.81 -4.64888242944243
6.82 -4.52413526233145
6.83 -4.38153340022086
6.84 -4.22163962751178
6.85 -4.04508497187662
6.86 -3.852566213881
6.87 -3.64484313710925
6.88 -3.42273552964579
6.89 -3.18711994874594
6.9 -2.93892626146497
6.91 -2.67913397489772
6.92 -2.40876837051144
6.93 -2.1288964578283
6.94 -1.84062276342643
6.95 -1.54508497187783
6.96 -1.24344943582744
6.97 -0.936906572931854
6.98 -0.626666167824769
6.99 -0.313952597649853
7 -3.31259596576122E-12
7.01 0.313952597643277
7.02 0.626666167818231
7.03 0.936906572925347
7.04 1.24344943582106
7.05 1.54508497187156
7.06 1.84062276342027
7.07 2.12889645782234
7.08 2.40876837050563
7.09 2.67913397489216
7.1 2.93892626145964
7.11 3.18711994874084
7.12 3.42273552964099
7.13 3.64484313710474
7.14 3.85256621387677
7.15 4.04508497187274
7.16 4.22163962750825
7.17 4.38153340021766
7.18 4.52413526232864
7.19 4.64888242943999
7.2 4.75528258147471
7.21 4.8429158056423
7.22 4.91143625364279
7.23 4.96057350657196
7.24 4.99013364214114
7.25 5
7.26 4.99013364214158
7.27 4.96057350657283
7.28 4.9114362536441
7.29 4.84291580564402
7.3 4.75528258147685
7.31 4.64888242944254
7.32 4.52413526233159
7.33 4.38153340022102
7.34 4.22163962751196
7.35 4.04508497187681
7.36 3.85256621388121
7.37 3.64484313710948
7.38 3.42273552964604
7.39 3.18711994874621
7.4 2.93892626146525
7.41 2.67913397489801
7.42 2.4087683705117
7.43 2.12889645782861
7.44 1.84062276342674
7.45 1.54508497187815
7.46 1.24344943582777
7.47 0.936906572932187
7.48 0.626666167825104
7.49 0.313952597650191
7.5 3.65071606842418E-12
7.51 -0.313952597642939
7.52 -0.626666167817896
7.53 -0.936906572925014
7.54 -1.24344943582073
7.55 -1.54508497187124
7.56 -1.84062276341999
7.57 -2.12889645782203
7.58 -2.40876837050533
7.59 -2.67913397489187
7.6 -2.93892626145937
7.61 -3.18711994874058
7.62 -3.42273552964074
7.63 -3.64484313710451
7.64 -3.85256621387656
7.65 -4.04508497187254
7.66 -4.22163962750807
7.67 -4.38153340021752
7.68 -4.5241352623285
7.69 -4.64888242943987
7.7 -4.75528258147461
7.71 -4.84291580564222
7.72 -4.91143625364273
7.73 -4.96057350657192
7.74 -4.99013364214112
7.75 -5
7.76 -4.9901336421416
7.77 -4.96057350657287
7.78 -4.91143625364416
7.79 -4.84291580564411
7.8 -4.75528258147696
7.81 -4.64888242944267
7.82 -4.52413526233174
7.83 -4.38153340022118
7.84 -4.22163962751214
7.85 -4.04508497187701
7.86 -3.85256621388143
7.87 -3.64484313710971
7.88 -3.42273552964628
7.89 -3.18711994874647
7.9 -2.93892626146552
7.91 -2.67913397489829
7.92 -2.408768370512
7.93 -2.12889645782891
7.94 -1.84062276342706
7.95 -1.54508497187847
7.96 -1.2434494358281
7.97 -0.936906572932519
7.98 -0.62666616782544
7.99 -0.313952597650528
8 -3.98883617108714E-12
8.01 0.313952597642602
8.02 0.62666616781756
8.03 0.936906572924717
8.04 1.2434494358204
8.05 1.54508497187092
8.06 1.84062276341967
8.07 2.12889645782173
8.08 2.40876837050504
8.09 2.67913397489159
8.1 2.9389262614591
8.11 3.18711994874032
8.12 3.42273552964049
8.13 3.64484313710427
8.14 3.85256621387637
8.15 4.04508497187235
8.16 4.22163962750789
8.17 4.38153340021736
8.18 4.52413526232836
8.19 4.64888242943974
8.2 4.7552825814745
8.21 4.84291580564213
8.22 4.91143625364267
8.23 4.96057350657187
8.24 4.9901336421411
8.25 5
8.26 4.99013364214162
8.27 4.96057350657291
8.28 4.91143625364422
8.29 4.84291580564419
8.3 4.75528258147706
8.31 4.64888242944279
8.32 4.52413526233188
8.33 4.38153340022135
8.34 4.22163962751232
8.35 4.04508497187721
8.36 3.85256621388164
8.37 3.64484313710994
8.38 3.42273552964653
8.39 3.1871199487467
8.4 2.93892626146579
8.41 2.67913397489858
8.42 2.40876837051229
8.43 2.12889645782922
8.44 1.84062276342737
8.45 1.54508497187879
8.46 1.24344943582842
8.47 0.936906572932851
8.48 0.626666167825775
8.49 0.313952597650866
8.5 4.29142913696209E-12
8.51 -0.313952597642264
8.52 -0.626666167817225
8.53 -0.936906572924385
8.54 -1.24344943582008
8.55 -1.5450849718706
8.56 -1.84062276341936
8.57 -2.12889645782142
8.58 -2.40876837050474
8.59 -2.6791339748913
8.6 -2.93892626145882
8.61 -3.18711994874009
8.62 -3.42273552964025
8.63 -3.64484313710404
8.64 -3.85256621387615
8.65 -4.04508497187215
8.66 -4.2216396275077
8.67 -4.38153340021719
8.68 -4.52413526232821
8.69 -4.64888242943962
8.7 -4.7552825814744
8.71 -4.84291580564205
8.72 -4.91143625364261
8.73 -4.96057350657183
8.74 -4.99013364214108
8.75 -5
8.76 -4.99013364214164
8.77 -4.96057350657295
8.78 -4.91143625364428
8.79 -4.84291580564428
8.8 -4.75528258147717
8.81 -4.64888242944292
8.82 -4.52413526233202
8.83 -4.38153340022151
8.84 -4.2216396275125
8.85 -4.04508497187741
8.86 -3.85256621388184
8.87 -3.64484313711017
8.88 -3.42273552964678
8.89 -3.18711994874696
8.9 -2.93892626146607
8.91 -2.67913397489886
8.92 -2.40876837051259
8.93 -2.12889645782952
8.94 -1.84062276342768
8.95 -1.54508497187911
8.96 -1.24344943582875
8.97 -0.936906572933148
8.98 -0.626666167826111
8.99 -0.313952597651203
9 -4.62954923962505E-12
9.01 0.313952597641927
9.02 0.626666167816889
9.03 0.936906572924053
9.04 1.24344943581975
9.05 1.54508497187028
9.06 1.84062276341904
9.07 2.12889645782111
9.08 2.40876837050448
9.09 2.67913397489102
9.1 2.93892626145855
9.11 3.18711994873983
9.12 3.42273552964
9.13 3.64484313710381
9.14 3.85256621387593
9.15 4.04508497187195
9.16 4.22163962750752
9.17 4.38153340021703
9.18 4.52413526232807
9.19 4.64888242943949
9.2 4.75528258147429
9.21 4.84291580564196
9.22 4.91143625364255
9.23 4.96057350657179
9.24 4.99013364214106
9.25 5
9.26 4.99013364214166
9.27 4.960573506573
9.28 4.91143625364435
9.29 4.84291580564436
9.3 4.75528258147727
9.31 4.64888242944304
9.32 4.52413526233217
9.33 4.38153340022165
9.34 4.22163962751268
9.35 4.04508497187761
9.36 3.85256621388205
9.37 3.64484313711041
9.38 3.42273552964702
9.39 3.18711994874722
9.4 2.93892626146634
9.41 2.67913397489915
9.42 2.40876837051289
9.43 2.12889645782983
9.44 1.84062276342797
9.45 1.54508497187944
9.46 1.24344943582908
9.47 0.93690657293348
9.48 0.626666167826446
9.49 0.313952597651541
9.5 4.96766934228801E-12
9.51 -0.31395259764159
9.52 -0.626666167816554
9.53 -0.936906572923721
9.54 -1.24344943581942
9.55 -1.54508497186999
9.56 -1.84062276341873
9.57 -2.12889645782081
9.58 -2.40876837050418
9.59 -2.67913397489073
9.6 -2.93892626145827
9.61 -3.18711994873956
9.62 -3.42273552963976
9.63 -3.64484313710358
9.64 -3.85256621387572
9.65 -4.04508497187175
9.66 -4.22163962750734
9.67 -4.38153340021687
9.68 -4.52413526232792
9.69 -4.64888242943938
9.7 -4.75528258147419
9.71 -4.84291580564188
9.72 -4.91143625364249
9.73 -4.96057350657175
9.74 -4.99013364214103
9.75 -5
9.76 -4.99013364214168
9.77 -4.96057350657304
9.78 -4.91143625364441
9.79 -4.84291580564444
9.8 -4.75528258147736
9.81 -4.64888242944317
9.82 -4.52413526233231
9.83 -4.38153340022182
9.84 -4.22163962751286
9.85 -4.04508497187781
9.86 -3.85256621388227
9.87 -3.64484313711064
9.88 -3.42273552964727
9.89 -3.18711994874748
9.9 -2.93892626146662
9.91 -2.6791339748994
9.92 -2.40876837051318
9.93 -2.12889645783014
9.94 -1.84062276342828
9.95 -1.54508497187976
9.96 -1.24344943582941
9.97 -0.936906572933812
9.98 -0.626666167826782
9.99 -0.313952597651878
10 -5.30578944495097E-12
