0
0
False
0 0
1 9.51056516295154
2 5.87785252292472
3 -5.87785252292452
4 -9.51056516295169
5 -7.84046222043755E-13
6 9.51056516295121
7 5.8778525229258
8 -5.87785252292345
9 -9.51056516295211
10 -2.11876306430159E-12
11 9.5105651629508
12 5.87785252292689
13 -5.87785252292237
14 -9.51056516295253
15 -3.45347990655942E-12
16 9.51056516295038
17 5.87785252292617
18 -5.87785252292487
19 -9.51056516295088
20 4.111351016578E-12
21 9.51056516295341
22 5.87785252291824
23 -5.8778525229328
24 -9.51056516294784
25 1.39143915573597E-11
26 9.51056516295645
27 5.87785252291031
28 -5.87785252294076
29 -9.5105651629448
