0
0,01
True
0 0
0,01 0
0,02 0
0,03 0
0,04 0
0,05 0
0,06 0
0,07 0
0,08 0
0,09 0
0,1 0
0,11 0
0,12 0
0,13 0
0,14 0
0,15 0
0,16 0
0,17 0
0,18 0
0,19 0
0,2 0
0,21 0
0,22 0
0,23 0
0,24 0
0,25 0
0,26 0
0,27 0
0,28 0
0,29 0
0,3 0
0,31 0
0,32 0
0,33 0
0,34 0
0,35 0
0,36 0
0,37 0
0,38 0
0,39 0
0,4 0
0,41 0
0,42 0
0,43 0
0,44 0
0,45 0
0,46 0
0,47 0
0,48 0
0,49 0
0,5 0
0,51 0
0,52 0
0,53 0
0,54 0
0,55 0
0,56 0
0,57 0
0,58 0
0,59 0
0,6 0
0,61 0
0,62 0
0,63 0
0,64 0
0,65 0
0,66 0
0,67 0
0,68 0
0,69 0
0,7 0
0,71 0
0,72 0
0,73 0
0,74 0
0,75 0
0,76 0
0,77 0
0,78 0
0,79 0
0,8 0
0,810000000000001 0
0,820000000000001 0
0,830000000000001 0
0,840000000000001 0
0,850000000000001 0
0,860000000000001 0
0,870000000000001 0
0,880000000000001 0
0,890000000000001 0
0,900000000000001 0
0,910000000000001 0
0,920000000000001 0
0,930000000000001 0
0,940000000000001 0
0,950000000000001 0
0,960000000000001 0
0,970000000000001 0
0,980000000000001 0
0,990000000000001 0
1 0
1,01 0
1,02 0
1,03 0
1,04 0
1,05 0
1,06 0
1,07 0
1,08 0
1,09 0
1,1 0
1,11 0
1,12 0
1,13 0
1,14 0
1,15 0
1,16 0
1,17 0
1,18 0
1,19 0
1,2 0
1,21 0
1,22 0
1,23 0
1,24 0
1,25 0
1,26 0
1,27 0
1,28 0
1,29 0
1,3 0
1,31 0
1,32 0
1,33 0
1,34 0
1,35 0
1,36 0
1,37 0
1,38 0
1,39 0
1,4 0
1,41 0
1,42 0
1,43 0
1,44 0
1,45 0
1,46 0
1,47 0
1,48 0
1,49 0
1,5 0
1,51 0
1,52 0
1,53 0
1,54 0
1,55 0
1,56 0
1,57 0
1,58 0
1,59 0
1,6 0
1,61 0
1,62 0
1,63 0
1,64 0
1,65 0
1,66 0
1,67 0
1,68 0
1,69 0
1,7 0
1,71 0
1,72 0
1,73 0
1,74 0
1,75 0
1,76 0
1,77 0
1,78 0
1,79 0
1,8 0
1,81 0
1,82 0
1,83 0
1,84 0
1,85 0
1,86 0
1,87 0
1,88 0
1,89 0
1,9 0
1,91 0
1,92 0
1,93 0
1,94 0
1,95 0
1,96 0
1,97 0
1,98 0
1,99 0
2 0
2,01 0
2,02 0
2,03 0
2,04 0
2,05 0
2,06 0
2,07 0
2,08 0
2,09 0
2,1 0
2,11 0
2,12 0
2,13 0
2,14 0
2,15 0
2,16 0
2,17 0
2,18 0
2,19 0
2,2 0
2,21 0
2,22 0
2,23 0
2,24 0
2,25 0
2,26 0
2,27 0
2,28 0
2,29 0
2,29999999999999 0
2,30999999999999 0
2,31999999999999 0
2,32999999999999 0
2,33999999999999 0
2,34999999999999 0
2,35999999999999 0
2,36999999999999 0
2,37999999999999 0
2,38999999999999 0
2,39999999999999 0
2,40999999999999 0
2,41999999999999 0
2,42999999999999 0
2,43999999999999 0
2,44999999999999 0
2,45999999999999 0
2,46999999999999 0
2,47999999999999 0
2,48999999999999 0
2,49999999999999 0
2,50999999999999 0
2,51999999999999 0
2,52999999999999 0
2,53999999999999 0
2,54999999999999 0
2,55999999999999 0
2,56999999999999 0
2,57999999999999 0
2,58999999999999 0
2,59999999999999 0
2,60999999999999 0
2,61999999999999 0
2,62999999999999 0
2,63999999999999 0
2,64999999999999 0
2,65999999999999 0
2,66999999999999 0
2,67999999999999 0
2,68999999999999 0
2,69999999999999 0
2,70999999999999 0
2,71999999999999 0
2,72999999999999 0
2,73999999999999 0
2,74999999999999 0
2,75999999999999 0
2,76999999999998 0
2,77999999999998 0
2,78999999999998 0
2,79999999999998 0
2,80999999999998 0
2,81999999999998 0
2,82999999999998 0
2,83999999999998 0
2,84999999999998 0
2,85999999999998 0
2,86999999999998 0
2,87999999999998 0
2,88999999999998 0
2,89999999999998 0
2,90999999999998 0
2,91999999999998 0
2,92999999999998 0
2,93999999999998 0
2,94999999999998 0
2,95999999999998 0
2,96999999999998 0
2,97999999999998 0
2,98999999999998 0
2,99999999999998 0
3,00999999999998 0
3,01999999999998 0
3,02999999999998 0
3,03999999999998 0
3,04999999999998 0
3,05999999999998 0
3,06999999999998 0
3,07999999999998 0
3,08999999999998 0
3,09999999999998 0
3,10999999999998 0
3,11999999999998 0
3,12999999999998 0
3,13999999999998 0
3,14999999999998 0
3,15999999999998 0
3,16999999999998 0
3,17999999999998 0
3,18999999999998 0
3,19999999999998 0
3,20999999999998 0
3,21999999999998 0
3,22999999999998 0
3,23999999999997 0
3,24999999999997 0
3,25999999999997 0
3,26999999999997 0
3,27999999999997 0
3,28999999999997 0
3,29999999999997 0
3,30999999999997 0
3,31999999999997 0
3,32999999999997 0
3,33999999999997 0
3,34999999999997 0
3,35999999999997 0
3,36999999999997 0
3,37999999999997 0
3,38999999999997 0
3,39999999999997 0
3,40999999999997 0
3,41999999999997 0
3,42999999999997 0
3,43999999999997 0
3,44999999999997 0
3,45999999999997 0
3,46999999999997 0
3,47999999999997 0
3,48999999999997 0
3,49999999999997 0
3,50999999999997 0
3,51999999999997 0
3,52999999999997 0
3,53999999999997 0
3,54999999999997 0
3,55999999999997 0
3,56999999999997 0
3,57999999999997 0
3,58999999999997 0
3,59999999999997 0
3,60999999999997 0
3,61999999999997 0
3,62999999999997 0
3,63999999999997 0
3,64999999999997 0
3,65999999999997 0
3,66999999999997 0
3,67999999999997 0
3,68999999999997 0
3,69999999999997 0
3,70999999999996 0
3,71999999999996 0
3,72999999999996 0
3,73999999999996 0
3,74999999999996 0
3,75999999999996 0
3,76999999999996 0
3,77999999999996 0
3,78999999999996 0
3,79999999999996 0
3,80999999999996 0
3,81999999999996 0
3,82999999999996 0
3,83999999999996 0
3,84999999999996 0
3,85999999999996 0
3,86999999999996 0
3,87999999999996 0
3,88999999999996 0
3,89999999999996 0
3,90999999999996 0
3,91999999999996 0
3,92999999999996 0
3,93999999999996 0
3,94999999999996 0
3,95999999999996 0
3,96999999999996 0
3,97999999999996 0
3,98999999999996 0
3,99999999999996 0
4,00999999999996 0
4,01999999999996 0
4,02999999999996 0
4,03999999999996 0
4,04999999999996 0
4,05999999999996 0
4,06999999999996 0
4,07999999999996 0
4,08999999999996 0
4,09999999999996 0
4,10999999999996 0
4,11999999999996 0
4,12999999999996 0
4,13999999999996 0
4,14999999999996 0
4,15999999999996 0
4,16999999999996 0
4,17999999999996 0
4,18999999999996 0
4,19999999999995 0
4,20999999999995 0
4,21999999999995 0
4,22999999999995 0
4,23999999999995 0
4,24999999999995 0
4,25999999999995 0
4,26999999999995 0
4,27999999999995 0
4,28999999999995 0
4,29999999999995 0
4,30999999999995 0
4,31999999999995 0
4,32999999999995 0
4,33999999999995 0
4,34999999999995 0
4,35999999999995 0
4,36999999999995 0
4,37999999999995 0
4,38999999999995 0
4,39999999999995 0
4,40999999999995 0
4,41999999999995 0
4,42999999999995 0
4,43999999999995 0
4,44999999999995 0
4,45999999999995 0
4,46999999999995 0
4,47999999999995 0
4,48999999999995 0
4,49999999999995 0
4,50999999999995 0
4,51999999999995 0
4,52999999999995 0
4,53999999999995 0
4,54999999999995 0
4,55999999999995 0
4,56999999999995 0
4,57999999999995 0
4,58999999999995 0
4,59999999999995 0
4,60999999999995 0
4,61999999999995 0
4,62999999999995 0
4,63999999999995 0
4,64999999999995 0
4,65999999999995 0
4,66999999999994 0
4,67999999999994 0
4,68999999999994 0
4,69999999999994 0
4,70999999999994 0
4,71999999999994 0
4,72999999999994 0
4,73999999999994 0
4,74999999999994 0
4,75999999999994 0
4,76999999999994 0
4,77999999999994 0
4,78999999999994 0
4,79999999999994 0
4,80999999999994 0
4,81999999999994 0
4,82999999999994 0
4,83999999999994 0
4,84999999999994 0
4,85999999999994 0
4,86999999999994 0
4,87999999999994 0
4,88999999999994 0
4,89999999999994 0
4,90999999999994 0
4,91999999999994 0
4,92999999999994 0
4,93999999999994 0
4,94999999999994 0
4,95999999999994 0
4,96999999999994 0
4,97999999999994 0
4,98999999999994 0
4,99999999999994 0
5,01 10
5,02 10
5,03 10
5,04 10
5,05 10
5,06 10
5,07 10
5,08 10
5,09 10
5,1 10
5,11 10
5,12 10
5,13 10
5,14 10
5,15 10
5,16 10
5,17 10
5,18 10
5,19 10
5,2 10
5,21 10
5,22 10
5,23 10
5,24 10
5,25 10
5,26 10
5,27 10
5,28 10
5,29 10
5,3 10
5,31 10
5,32 10
5,33 10
5,34 10
5,35 10
5,36 10
5,37 10
5,38 10
5,39 10
5,4 10
5,41 10
5,42 10
5,43 10
5,44 10
5,45 10
5,46 10
5,47 10
5,48 10
5,49 10
5,5 10
5,51 10
5,52 10
5,53 10
5,54 10
5,55 10
5,56 10
5,57 10
5,58 10
5,59 10
5,6 10
5,61 10
5,62 10
5,63 10
5,64 10
5,65 10
5,66 10
5,67 10
5,68 10
5,69 10
5,7 10
5,71 10
5,72 10
5,73 10
5,74 10
5,75 10
5,76 10
5,77 10
5,78 10
5,79 10
5,8 10
5,81 10
5,82 10
5,83 10
5,84 10
5,85 10
5,86 10
5,87 10
5,88 10
5,89 10
5,9 10
5,91 10
5,92 10
5,93 10
5,94 10
5,95 10
5,96 10
5,97 10
5,98 10
5,99 10
6 10
6,01 10
6,02 10
6,03 10
6,04 10
6,05 10
6,06 10
6,07 10
6,08 10
6,09 10
6,1 10
6,11 10
6,12 10
6,13 10
6,14 10
6,15 10
6,16 10
6,17 10
6,18 10
6,19 10
6,2 10
6,21 10
6,22 10
6,23 10
6,24 10
6,25 10
6,26 10
6,27 10
6,28 10
6,29 10
6,3 10
6,31 10
6,32 10
6,33 10
6,34 10
6,35 10
6,36 10
6,37 10
6,38 10
6,39 10
6,4 10
6,41 10
6,42 10
6,43 10
6,44 10
6,45 10
6,46 10
6,47 10
6,48 10
6,49 10
6,5 10
6,51 10
6,52 10
6,53 10
6,54 10
6,55 10
6,56 10
6,57 10
6,58 10
6,59 10
6,6 10
6,61 10
6,62 10
6,63 10
6,64 10
6,65 10
6,66 10
6,67 10
6,68 10
6,69 10
6,7 10
6,71 10
6,72 10
6,73 10
6,74 10
6,75 10
6,76 10
6,77 10
6,78 10
6,79 10
6,8 10
6,81 10
6,82 10
6,83 10
6,84 10
6,85 10
6,86 10
6,87 10
6,88 10
6,89 10
6,9 10
6,91 10
6,92 10
6,93 10
6,94 10
6,95 10
6,96 10
6,97 10
6,98 10
6,99 10
7 10
7,01 10
7,02 10
7,03 10
7,04 10
7,05 10
7,06 10
7,07 10
7,08 10
7,09 10
7,1 10
7,11 10
7,12 10
7,13 10
7,14 10
7,15 10
7,16 10
7,17 10
7,18 10
7,19 10
7,2 10
7,21 10
7,22 10
7,23 10
7,24 10
7,25 10
7,26 10
7,27 10
7,28 10
7,29 10
7,3 10
7,31 10
7,32 10
7,33 10
7,34 10
7,35 10
7,36 10
7,37 10
7,38 10
7,39 10
7,4 10
7,41 10
7,42 10
7,43 10
7,44 10
7,45 10
7,46 10
7,47 10
7,48 10
7,49 10
7,5 10
7,51 10
7,52 10
7,53 10
7,54 10
7,55 10
7,56 10
7,57 10
7,58 10
7,59 10
7,6 10
7,61 10
7,62 10
7,63 10
7,64 10
7,65 10
7,66 10
7,67 10
7,68 10
7,69 10
7,7 10
7,71 10
7,72 10
7,73 10
7,74 10
7,75 10
7,76 10
7,77 10
7,78 10
7,79 10
7,8 10
7,81 10
7,82 10
7,83 10
7,84 10
7,85 10
7,86 10
7,87 10
7,88 10
7,89 10
7,9 10
7,91 10
7,92 10
7,93 10
7,94 10
7,95 10
7,96 10
7,97 10
7,98 10
7,99 10
8 10
8,01 10
8,02 10
8,03 10
8,04 10
8,05 10
8,06 10
8,07 10
8,08 10
8,09 10
8,1 10
8,11 10
8,12 10
8,13 10
8,14 10
8,15 10
8,16 10
8,17 10
8,18 10
8,19 10
8,2 10
8,21 10
8,22 10
8,23 10
8,24 10
8,25 10
8,26 10
8,27 10
8,28 10
8,29 10
8,3 10
8,31 10
8,32 10
8,33 10
8,34 10
8,35 10
8,36 10
8,37 10
8,38 10
8,39 10
8,4 10
8,41 10
8,42 10
8,43 10
8,44 10
8,45 10
8,46 10
8,47 10
8,48 10
8,49 10
8,5 10
8,51 10
8,52 10
8,53 10
8,54 10
8,55 10
8,56 10
8,57 10
8,58 10
8,59 10
8,6 10
8,61 10
8,62 10
8,63 10
8,64 10
8,65 10
8,66 10
8,67 10
8,68 10
8,69 10
8,7 10
8,71 10
8,72 10
8,73 10
8,74 10
8,75 10
8,76 10
8,77 10
8,78 10
8,79 10
8,8 10
8,81 10
8,82 10
8,83 10
8,84 10
8,85 10
8,86 10
8,87 10
8,88 10
8,89 10
8,9 10
8,91 10
8,92 10
8,93 10
8,94 10
8,95 10
8,96 10
8,97 10
8,98 10
8,99 10
9 10
9,01 10
9,02 10
9,03 10
9,04 10
9,05 10
9,06 10
9,07 10
9,08 10
9,09 10
9,1 10
9,11 10
9,12 10
9,13 10
9,14 10
9,15 10
9,16 10
9,17 10
9,18 10
9,19 10
9,2 10
9,21 10
9,22 10
9,23 10
9,24 10
9,25 10
9,26 10
9,27 10
9,28 10
9,29 10
9,3 10
9,31 10
9,32 10
9,33 10
9,34 10
9,35 10
9,36 10
9,37 10
9,38 10
9,39 10
9,4 10
9,41 10
9,42 10
9,43 10
9,44 10
9,45 10
9,46 10
9,47 10
9,48 10
9,49 10
9,5 10
9,51 10
9,52 10
9,53 10
9,54 10
9,55 10
9,56 10
9,57 10
9,58 10
9,59 10
9,6 10
9,61 10
9,62 10
9,63 10
9,64 10
9,65 10
9,66 10
9,67 10
9,68 10
9,69 10
9,7 10
9,71 10
9,72 10
9,73 10
9,74 10
9,75 10
9,76 10
9,77 10
9,78 10
9,79 10
9,8 10
9,81 10
9,82 10
9,83 10
9,84 10
9,85 10
9,86 10
9,87 10
9,88 10
9,89 10
9,9 10
9,91 10
9,92 10
9,93 10
9,94 10
9,95 10
9,96 10
9,97 10
9,98 10
9,99 10
10 10
