0
0
False
0 0
0.1 0.951056516295154
0.2 1.90211303259031
0.3 2.85316954888546
0.4 3.80422606518062
0.5 4.75528258147577
0.6 5.70633909777092
0.7 6.65739561406608
0.8 7.60845213036123
0.9 8.55950864665639
1 9.51056516295154
1.1 9.14729389894886
1.2 8.78402263494618
1.3 8.42075137094349
1.4 8.05748010694081
1.5 7.69420884293813
1.6 7.33093757893545
1.7 6.96766631493277
1.8 6.60439505093008
1.9 6.2411237869274
2 5.87785252292472
2.1 4.7022820183398
2.2 3.52671151375487
2.3 2.35114100916995
2.4 1.17557050458503
2.5 1.00364161426114E-13
2.6 -1.17557050458483
2.7 -2.35114100916975
2.8 -3.52671151375467
2.9 -4.70228201833959
3 -5.87785252292452
3.1 -6.24112378692724
3.2 -6.60439505092995
3.3 -6.96766631493267
3.4 -7.33093757893539
3.5 -7.6942088429381
3.6 -8.05748010694082
3.7 -8.42075137094354
3.8 -8.78402263494625
3.9 -9.14729389894897
4 -9.51056516295169
4.1 -8.5595086466566
4.2 -7.60845213036151
4.3 -6.65739561406642
4.4 -5.70633909777132
4.5 -4.75528258147624
4.6 -3.80422606518115
4.7 -2.85316954888605
4.8 -1.90211303259097
4.9 -0.951056516295871
5 -7.84046222043755E-13
5.1 0.951056516294412
5.2 1.90211303258962
5.3 2.85316954888481
5.4 3.80422606518002
5.5 4.75528258147521
5.6 5.70633909777041
5.7 6.65739561406561
5.8 7.60845213036081
5.9 8.55950864665601
6 9.51056516295121
6.1 9.14729389894867
6.2 8.78402263494613
6.3 8.42075137094359
6.4 8.05748010694104
6.5 7.6942088429385
6.6 7.33093757893597
6.7 6.96766631493342
6.8 6.60439505093088
6.9 6.24112378692834
7 5.8778525229258
7.1 4.70228201834088
7.2 3.52671151375595
7.3 2.35114100917103
7.4 1.1755705045861
7.5 1.17506004926327E-12
7.6 -1.17557050458375
7.7 -2.35114100916868
7.8 -3.5267115137536
7.9 -4.70228201833853
8 -5.87785252292345
8.1 -6.24112378692632
8.2 -6.60439505092918
8.3 -6.96766631493205
8.4 -7.33093757893492
8.5 -7.69420884293778
8.6 -8.05748010694064
8.7 -8.42075137094351
8.8 -8.78402263494638
8.9 -9.14729389894925
9 -9.51056516295211
9.1 -8.55950864665711
9.2 -7.60845213036212
9.3 -6.65739561406711
9.4 -5.70633909777211
9.5 -4.75528258147711
9.6 -3.80422606518212
9.7 -2.85316954888712
9.8 -1.90211303259211
9.9 -0.951056516297115
10 -2.11876306430159E-12
10.1 0.95105651629317
10.2 1.90211303258846
10.3 2.85316954888376
10.4 3.80422606517905
10.5 4.75528258147434
10.6 5.70633909776963
10.7 6.65739561406492
10.8 7.60845213036022
10.9 8.55950864665551
11 9.5105651629508
11.1 9.14729389894841
11.2 8.78402263494602
11.3 8.42075137094362
11.4 8.05748010694123
11.5 7.69420884293884
11.6 7.33093757893645
11.7 6.96766631493407
11.8 6.60439505093167
11.9 6.24112378692928
12 5.87785252292689
12.1 4.70228201834197
12.2 3.52671151375705
12.3 2.3511410091721
12.4 1.17557050458718
12.5 2.25952589971712E-12
12.6 -1.17557050458266
12.7 -2.35114100916758
12.8 -3.52671151375253
12.9 -4.70228201833745
13 -5.87785252292237
13.1 -6.24112378692538
13.2 -6.6043950509284
13.3 -6.96766631493142
13.4 -7.33093757893444
13.5 -7.69420884293745
13.6 -8.05748010694046
13.7 -8.42075137094348
13.8 -8.7840226349465
13.9 -9.14729389894952
14 -9.51056516295253
14.1 -8.55950864665762
14.2 -7.60845213036272
14.3 -6.6573956140678
14.4 -5.7063390977729
14.5 -4.75528258147799
14.6 -3.80422606518309
14.7 -2.85316954888818
14.8 -1.90211303259326
14.9 -0.951056516298358
15 -3.45347990655942E-12
15.1 0.951056516291926
15.2 1.90211303258731
15.3 2.8531695488827
15.4 3.80422606517808
15.5 4.75528258147346
15.6 5.70633909776884
15.7 6.65739561406422
15.8 7.60845213035962
15.9 8.559508646655
16 9.51056516295038
16.1 9.14729389894795
16.2 8.78402263494554
16.3 8.42075137094311
16.4 8.0574801069407
16.5 7.69420884293828
16.6 7.33093757893585
16.7 6.96766631493344
16.8 6.60439505093101
16.9 6.2411237869286
17 5.87785252292617
17.1 4.70228201834105
17.2 3.52671151375597
17.3 2.35114100917085
17.4 1.17557050458577
17.5 6.49258424800792E-13
17.6 -1.17557050458447
17.7 -2.35114100916955
17.8 -3.52671151375467
17.9 -4.70228201833975
18 -5.87785252292487
18.1 -6.24112378692748
18.2 -6.60439505093007
18.3 -6.96766631493268
18.4 -7.33093757893527
18.5 -7.69420884293787
18.6 -8.05748010694048
18.7 -8.42075137094307
18.8 -8.78402263494568
18.9 -9.14729389894827
19 -9.51056516295088
19.1 -8.55950864665537
19.2 -7.60845213035989
19.3 -6.65739561406438
19.4 -5.7063390977689
19.5 -4.75528258147338
19.6 -3.80422606517787
19.7 -2.85316954888239
19.8 -1.90211303258688
19.9 -0.951056516291402
20 4.111351016578E-12
20.1 0.951056516299055
20.2 1.90211303259396
20.3 2.85316954888891
20.4 3.80422606518382
20.5 4.75528258147876
20.6 5.7063390977737
20.7 6.65739561406861
20.8 7.60845213036356
20.9 8.55950864665847
21 9.51056516295341
21.1 9.14729389894989
21.2 8.78402263494638
21.3 8.42075137094286
21.4 8.05748010693935
21.5 7.69420884293583
21.6 7.3309375789323
21.7 6.96766631492879
21.8 6.60439505092527
21.9 6.24112378692176
22 5.87785252291824
22.1 4.70228201833312
22.2 3.52671151374804
22.3 2.35114100916292
22.4 1.17557050457784
22.5 -7.28039850628193E-12
22.6 -1.1755705045924
22.7 -2.35114100917748
22.8 -3.5267115137626
22.9 -4.70228201834768
23 -5.8778525229328
23.1 -6.24112378693431
23.2 -6.60439505093581
23.3 -6.96766631493731
23.4 -7.33093757893881
23.5 -7.69420884294032
23.6 -8.05748010694183
23.7 -8.42075137094333
23.8 -8.78402263494483
23.9 -9.14729389894633
24 -9.51056516294784
24.1 -8.55950864665165
24.2 -7.6084521303555
24.3 -6.65739561405931
24.4 -5.70633909776315
24.5 -4.75528258146696
24.6 -3.80422606517077
24.7 -2.85316954887462
24.8 -1.90211303257843
24.9 -0.951056516282275
25 1.39143915573597E-11
25.1 0.951056516308182
25.2 1.90211303260241
25.3 2.85316954889668
25.4 3.80422606519091
25.5 4.75528258148518
25.6 5.70633909777945
25.7 6.65739561407368
25.8 7.60845213036795
25.9 8.55950864666218
26 9.51056516295645
26.1 9.14729389895183
26.2 8.78402263494722
26.3 8.42075137094261
26.4 8.057480106938
26.5 7.69420884293338
26.6 7.33093757892876
26.7 6.96766631492415
26.8 6.60439505091954
26.9 6.24112378691493
27 5.87785252291031
27.1 4.70228201832519
27.2 3.5267115137401
27.3 2.35114100915498
27.4 1.1755705045699
27.5 -1.52251544704995E-11
27.6 -1.17557050460035
27.7 -2.35114100918543
27.8 -3.52671151377055
27.9 -4.70228201835564
28 -5.87785252294076
28.1 -6.24112378694117
28.2 -6.60439505094157
28.3 -6.96766631494197
28.4 -7.33093757894237
28.5 -7.69420884294278
28.6 -8.05748010694319
28.7 -8.42075137094359
28.8 -8.78402263494399
28.9 -9.14729389894439
29 -9.5105651629448
