0
0.01
True
0 0
0.01 1.25333233564304
0.02 2.48689887164855
0.03 3.68124552684678
0.04 4.81753674101715
0.05 5.87785252292473
0.06 6.84547105928689
0.07 7.70513242775789
0.08 8.44327925502015
0.09 9.0482705246602
0.1 9.51056516295153
0.11 9.82287250728689
0.12 9.98026728428272
0.13 9.98026728428272
0.14 9.82287250728689
0.15 9.51056516295154
0.16 9.04827052466019
0.17 8.44327925502015
0.18 7.70513242775789
0.19 6.84547105928688
0.2 5.87785252292473
0.21 4.81753674101715
0.22 3.68124552684677
0.23 2.48689887164854
0.24 1.25333233564303
0.25 -7.65717784317888E-15
0.26 -1.25333233564305
0.27 -2.48689887164855
0.28 -3.68124552684679
0.29 -4.81753674101716
0.3 -5.87785252292474
0.31 -6.8454710592869
0.32 -7.7051324277579
0.33 -8.44327925502016
0.34 -9.0482705246602
0.35 -9.51056516295154
0.36 -9.82287250728689
0.37 -9.98026728428272
0.38 -9.98026728428271
0.39 -9.82287250728688
0.4 -9.51056516295153
0.41 -9.04827052466018
0.42 -8.44327925502014
0.43 -7.70513242775788
0.44 -6.84547105928687
0.45 -5.87785252292471
0.46 -4.81753674101713
0.47 -3.68124552684675
0.48 -2.48689887164852
0.49 -1.25333233564301
0.5 2.4196139883359E-14
0.51 1.25333233564307
0.52 2.48689887164857
0.53 3.68124552684681
0.54 4.81753674101718
0.55 5.87785252292476
0.56 6.84547105928691
0.57 7.70513242775792
0.58 8.44327925502017
0.59 9.04827052466021
0.6 9.51056516295155
0.61 9.82287250728689
0.62 9.98026728428272
0.63 9.98026728428271
0.64 9.82287250728688
0.65 9.51056516295152
0.66 9.04827052466018
0.67 8.44327925502013
0.68 7.70513242775786
0.69 6.84547105928686
0.7 5.87785252292469
0.71 4.81753674101712
0.72 3.68124552684673
0.73 2.4868988716485
0.74 1.25333233564299
0.75 -4.96168861205404E-14
0.76 -1.2533323356431
0.77 -2.4868988716486
0.78 -3.68124552684684
0.79 -4.8175367410172
0.8 -5.87785252292477
0.81 -6.84547105928693
0.82 -7.70513242775793
0.83 -8.44327925502018
0.84 -9.04827052466022
0.85 -9.51056516295156
0.86 -9.8228725072869
0.87 -9.98026728428272
0.88 -9.98026728428271
0.89 -9.82287250728687
0.9 -9.51056516295152
0.91 -9.04827052466016
0.92 -8.44327925502011
0.93 -7.70513242775785
0.94 -6.84547105928683
0.95 -5.87785252292468
0.96 -4.81753674101709
0.97 -3.68124552684671
0.98 -2.48689887164847
0.99 -1.25333233564297
1 8.3919416554723E-14
1.01 1.25333233564312
1.02 2.48689887164863
1.03 3.68124552684685
1.04 4.81753674101723
1.05 5.8778525229248
1.06 6.84547105928694
1.07 7.70513242775795
1.08 8.44327925502019
1.09 9.04827052466023
1.1 9.51056516295156
1.11 9.8228725072869
1.12 9.98026728428272
1.13 9.98026728428271
1.14 9.82287250728687
1.15 9.5105651629515
1.16 9.04827052466016
1.17 8.44327925502009
1.18 7.70513242775783
1.19 6.84547105928681
1.2 5.87785252292465
1.21 4.81753674101707
1.22 3.68124552684668
1.23 2.48689887164845
1.24 1.25333233564294
1.25 -1.00458378594903E-13
1.26 -1.25333233564315
1.27 -2.48689887164865
1.28 -3.68124552684689
1.29 -4.81753674101725
1.3 -5.87785252292481
1.31 -6.84547105928698
1.32 -7.70513242775797
1.33 -8.44327925502021
1.34 -9.04827052466024
1.35 -9.51056516295157
1.36 -9.82287250728691
1.37 -9.98026728428272
1.38 -9.98026728428271
1.39 -9.82287250728687
1.4 -9.51056516295149
1.41 -9.04827052466014
1.42 -8.44327925502009
1.43 -7.70513242775782
1.44 -6.84547105928678
1.45 -5.87785252292462
1.46 -4.81753674101704
1.47 -3.68124552684667
1.48 -2.48689887164844
1.49 -1.2533323356429
1.5 1.34760909029086E-13
1.51 1.25333233564317
1.52 2.48689887164866
1.53 3.68124552684692
1.54 4.81753674101728
1.55 5.87785252292484
1.56 6.84547105928698
1.57 7.70513242775799
1.58 8.44327925502023
1.59 9.04827052466026
1.6 9.51056516295158
1.61 9.82287250728691
1.62 9.98026728428272
1.63 9.98026728428271
1.64 9.82287250728686
1.65 9.51056516295149
1.66 9.04827052466013
1.67 8.44327925502007
1.68 7.7051324277578
1.69 6.84547105928678
1.7 5.8778525229246
1.71 4.81753674101701
1.72 3.68124552684664
1.73 2.4868988716484
1.74 1.2533323356429
1.75 -1.69063439463268E-13
1.76 -1.2533323356432
1.77 -2.4868988716487
1.78 -3.68124552684692
1.79 -4.81753674101731
1.8 -5.87785252292487
1.81 -6.84547105928701
1.82 -7.70513242775799
1.83 -8.44327925502025
1.84 -9.04827052466027
1.85 -9.51056516295159
1.86 -9.82287250728692
1.87 -9.98026728428272
1.88 -9.9802672842827
1.89 -9.82287250728685
1.9 -9.51056516295148
1.91 -9.04827052466013
1.92 -8.44327925502005
1.93 -7.70513242775778
1.94 -6.84547105928676
1.95 -5.8778525229246
1.96 -4.81753674101698
1.97 -3.6812455268466
1.98 -2.48689887164837
1.99 -1.25333233564287
