0
0
False
0 0
0,01 0
0,02 0
0,03 0
0,04 0
0,05 0
0,06 0
0,07 0
0,08 0
0,09 0
0,1 0
0,11 0
0,12 0
0,13 0
0,14 2,5
0,15 2,5
0,16 2,5
0,17 2,5
0,18 2,5
0,19 2,5
0,2 2,5
0,21 2,5
0,22 2,5
0,23 2,5
0,24 2,5
0,25 2,5
0,26 2,5
0,27 2,5
0,28 2,5
0,29 2,5
0,3 2,5
0,31 2,5
0,32 2,5
0,33 2,5
0,34 2,5
0,35 2,5
0,36 2,5
0,37 2,5
0,38 2,5
0,39 2,5
0,4 2,5
0,41 2,5
0,42 2,5
0,43 5
0,44 5
0,45 5
0,46 5
0,47 5
0,48 5
0,49 5
0,5 5
0,51 5
0,52 5
0,53 5
0,54 5
0,55 5
0,56 5
0,57 5
0,58 5
0,59 5
0,6 5
0,61 5
0,62 5
0,63 5
0,64 5
0,65 5
0,66 5
0,67 5
0,68 5
0,69 5
0,7 5
0,71 5
0,72 5
0,73 5
0,74 5
0,75 5
0,76 7,5
0,77 7,5
0,78 7,5
0,79 7,5
0,8 7,5
0,81 7,5
0,82 7,5
0,83 7,5
0,84 7,5
0,85 7,5
0,86 7,5
0,87 7,5
0,88 7,5
0,89 7,5
0,9 7,5
0,91 7,5
0,92 7,5
0,93 7,5
0,94 7,5
0,95 7,5
0,96 7,5
0,97 7,5
0,98 7,5
0,99 7,5
1 7,5
1,01 7,5
1,02 7,5
1,03 7,5
1,04 7,5
1,05 7,5
1,06 7,5
1,07 7,5
1,08 7,5
1,09 7,5
1,1 7,5
1,11 7,5
1,12 7,5
1,13 7,5
1,14 7,5
1,15 7,5
1,16 7,5
1,17 7,5
1,18 7,5
1,19 10
1,2 10
1,21 10
1,22 10
1,23 10
1,24 10
1,25 10
1,26 10
1,27 10
1,28 10
1,29 10
1,3 10
1,31 10
1,32 10
1,33 10
1,34 10
1,35 10
1,36 10
1,37 10
1,38 10
1,39 10
1,4 10
1,41 10
1,42 10
1,43 10
1,44 10
1,45 10
1,46 10
1,47 10
1,48 10
1,49 10
1,5 10
1,51 10
1,52 10
1,53 10
1,54 10
1,55 10
1,56 10
1,57 10
1,58 10
1,59 10
1,6 10
1,61 10
1,62 10
1,63 10
1,64 10
1,65 10
1,66 10
1,67 10
1,68 10
1,69 10
1,7 10
1,71 10
1,72 10
1,73 10
1,74 10
1,75 10
1,76 10
1,77 10
1,78 10
1,79 10
1,8 10
1,81 10
1,82 10
1,83 10
1,84 10
1,85 10
1,86 10
1,87 10
1,88 10
1,89 10
1,9 10
1,91 10
1,92 10
1,93 10
1,94 10
1,95 10
1,96 10
1,97 10
1,98 10
1,99 10
2 10
2,01 10
2,02 10
2,03 10
2,04 10
2,05 10
2,06 10
2,07 10
2,08 10
2,09 10
2,1 10
2,11 10
2,12 10
2,13 10
2,14 10
2,15 10
2,16 10
2,17 10
2,18 10
2,19 10
2,2 10
2,21 10
2,22 10
2,23 10
2,24 10
2,25 10
2,26 10
2,27 10
2,28 10
2,29 10
2,3 10
2,31 10
2,32 7,5
2,33 7,5
2,34 7,5
2,35 7,5
2,36 7,5
2,37 7,5
2,38 7,5
2,39 7,5
2,4 7,5
2,41 7,5
2,42 7,5
2,43 7,5
2,44 7,5
2,45 7,5
2,46 7,5
2,47 7,5
2,48 7,5
2,49 7,5
2,5 7,5
2,51 7,5
2,52 7,5
2,53 7,5
2,54 7,5
2,55 7,5
2,56 7,5
2,57 7,5
2,58 7,5
2,59 7,5
2,6 7,5
2,61 7,5
2,62 7,5
2,63 7,5
2,64 7,5
2,65 7,5
2,66 7,5
2,67 7,5
2,68 7,5
2,69 7,5
2,7 7,5
2,71 7,5
2,72 7,5
2,73 7,5
2,74 7,5
2,75 5
2,76 5
2,77 5
2,78 5
2,79 5
2,8 5
2,81 5
2,82 5
2,83 5
2,84 5
2,85 5
2,86 5
2,87 5
2,88 5
2,89 5
2,9 5
2,91 5
2,92 5
2,93 5
2,94 5
2,95 5
2,96 5
2,97 5
2,98 5
2,99 5
3 5
3,01 5
3,02 5
3,03 5
3,04 5
3,05 5
3,06 5
3,07 5
3,08 2,5
3,09 2,5
3,1 2,5
3,11 2,5
3,12 2,5
3,13 2,5
3,14 2,5
3,15 2,5
3,16 2,5
3,17 2,5
3,18 2,5
3,19 2,5
3,2 2,5
3,21 2,5
3,22 2,5
3,23 2,5
3,24 2,5
3,25 2,5
3,26 2,5
3,27 2,5
3,28 2,5
3,29 2,5
3,3 2,5
3,31 2,5
3,32 2,5
3,33 2,5
3,34 2,5
3,35 2,5
3,36 2,5
3,37 0
3,38 0
3,39 0
3,4 0
3,41 0
3,42 0
3,43 0
3,44 0
3,45 0
3,46 0
3,47 0
3,48 0
3,49 0
3,5 0
3,51 0
3,52 0
3,53 0
3,54 0
3,55 0
3,56 0
3,57 0
3,58 0
3,59 0
3,6 0
3,61 0
3,62 0
3,63 0
3,64 -2,5
3,65 -2,5
3,66 -2,5
3,67 -2,5
3,68 -2,5
3,69 -2,5
3,7 -2,5
3,71 -2,5
3,72 -2,5
3,73 -2,5
3,74 -2,5
3,75 -2,5
3,76 -2,5
3,77 -2,5
3,78 -2,5
3,79 -2,5
3,8 -2,5
3,81 -2,5
3,82 -2,5
3,83 -2,5
3,84 -2,5
3,85 -2,5
3,86 -2,5
3,87 -2,5
3,88 -2,5
3,89 -2,5
3,9 -2,5
3,91 -2,5
3,92 -2,5
3,93 -5
3,94 -5
3,95 -5
3,96 -5
3,97 -5
3,98 -5
3,99 -5
4 -5
4,01 -5
4,02 -5
4,03 -5
4,04 -5
4,05 -5
4,06 -5
4,07 -5
4,08 -5
4,09 -5
4,1 -5
4,11 -5
4,12 -5
4,13 -5
4,14 -5
4,15 -5
4,16 -5
4,17 -5
4,18 -5
4,19 -5
4,2 -5
4,21 -5
4,22 -5
4,23 -5
4,24 -5
4,25 -5
4,26 -7,5
4,27 -7,5
4,28 -7,5
4,29 -7,5
4,3 -7,5
4,31 -7,5
4,32 -7,5
4,33 -7,5
4,34 -7,5
4,35 -7,5
4,36 -7,5
4,37 -7,5
4,38 -7,5
4,39 -7,5
4,4 -7,5
4,41 -7,5
4,42 -7,5
4,43 -7,5
4,44 -7,5
4,45 -7,5
4,46 -7,5
4,47 -7,5
4,48 -7,5
4,49 -7,5
4,5 -7,5
4,51 -7,5
4,52 -7,5
4,53 -7,5
4,54 -7,5
4,55 -7,5
4,56 -7,5
4,57 -7,5
4,58 -7,5
4,59 -7,5
4,6 -7,5
4,61 -7,5
4,62 -7,5
4,63 -7,5
4,64 -7,5
4,65 -7,5
4,66 -7,5
4,67 -7,5
4,68 -7,5
4,69 -10
4,7 -10
4,71 -10
4,72 -10
4,73 -10
4,74 -10
4,75 -10
4,76 -10
4,77 -10
4,78 -10
4,79 -10
4,8 -10
4,81 -10
4,82 -10
4,83 -10
4,84 -10
4,85 -10
4,86 -10
4,87 -10
4,88 -10
4,89 -10
4,9 -10
4,91 -10
4,92 -10
4,93 -10
4,94 -10
4,95 -10
4,96 -10
4,97 -10
4,98 -10
4,99 -10
5 -10
5,01 -10
5,02 -10
5,03 -10
5,04 -10
5,05 -10
5,06 -10
5,07 -10
5,08 -10
5,09 -10
5,1 -10
5,11 -10
5,12 -10
5,13 -10
5,14 -10
5,15 -10
5,16 -10
5,17 -10
5,18 -10
5,19 -10
5,2 -10
5,21 -10
5,22 -10
5,23 -10
5,24 -10
5,25 -10
5,26 -10
5,27 -10
5,28 -10
5,29 -10
5,3 -10
5,31 -10
5,32 -10
5,33 -10
5,34 -10
5,35 -10
5,36 -10
5,37 -10
5,38 -10
5,39 -10
5,4 -10
5,41 -10
5,42 -10
5,43 -10
5,44 -10
5,45 -10
5,46 -10
5,47 -10
5,48 -10
5,49 -10
5,5 -10
5,51 -10
5,52 -10
5,53 -10
5,54 -10
5,55 -10
5,56 -10
5,57 -10
5,58 -10
5,59 -10
5,6 -10
5,61 -10
5,62 -10
5,63 -10
5,64 -10
5,65 -10
5,66 -10
5,67 -10
5,68 -10
5,69 -10
5,7 -10
5,71 -10
5,72 -10
5,73 -10
5,74 -10
5,75 -10
5,76 -10
5,77 -10
5,78 -10
5,79 -10
5,8 -10
5,81 -10
5,82 -7,5
5,83 -7,5
5,84 -7,5
5,85 -7,5
5,86 -7,5
5,87 -7,5
5,88 -7,5
5,89 -7,5
5,9 -7,5
5,91 -7,5
5,92 -7,5
5,93 -7,5
5,94 -7,5
5,95 -7,5
5,96 -7,5
5,97 -7,5
5,98 -7,5
5,99 -7,5
6 -7,5
6,01 -7,5
6,02 -7,5
6,03 -7,5
6,04 -7,5
6,05 -7,5
6,06 -7,5
6,07 -7,5
6,08 -7,5
6,09 -7,5
6,1 -7,5
6,11 -7,5
6,12 -7,5
6,13 -7,5
6,14 -7,5
6,15 -7,5
6,16 -7,5
6,17 -7,5
6,18 -7,5
6,19 -7,5
6,2 -7,5
6,21 -7,5
6,22 -7,5
6,23 -7,5
6,24 -7,5
6,25 -5
6,26 -5
6,27 -5
6,28 -5
6,29 -5
6,3 -5
6,31 -5
6,32 -5
6,33 -5
6,34 -5
6,35 -5
6,36 -5
6,37 -5
6,38 -5
6,39 -5
6,4 -5
6,41 -5
6,42 -5
6,43 -5
6,44 -5
6,45 -5
6,46 -5
6,47 -5
6,48 -5
6,49 -5
6,5 -5
6,51 -5
6,52 -5
6,53 -5
6,54 -5
6,55 -5
6,56 -5
6,57 -5
6,58 -2,5
6,59 -2,5
6,6 -2,5
6,61 -2,5
6,62 -2,5
6,63 -2,5
6,64 -2,5
6,65 -2,5
6,66 -2,5
6,67 -2,5
6,68 -2,5
6,69 -2,5
6,7 -2,5
6,71 -2,5
6,72 -2,5
6,73 -2,5
6,74 -2,5
6,75 -2,5
6,76 -2,5
6,77 -2,5
6,78 -2,5
6,79 -2,5
6,8 -2,5
6,81 -2,5
6,82 -2,5
6,83 -2,5
6,84 -2,5
6,85 -2,5
6,86 -2,5
6,87 0
6,88 0
6,89 0
6,9 0
6,91 0
6,92 0
6,93 0
6,94 0
6,95 0
6,96 0
6,97 0
6,98 0
6,99 0
7 0
7,01 0
7,02 0
7,03 0
7,04 0
7,05 0
7,06 0
7,07 0
7,08 0
7,09 0
7,1 0
7,11 0
7,12 0
7,13 0
7,14 2,5
7,15 2,5
7,16 2,5
7,17 2,5
7,18 2,5
7,19 2,5
7,2 2,5
7,21 2,5
7,22 2,5
7,23 2,5
7,24 2,5
7,25 2,5
7,26 2,5
7,27 2,5
7,28 2,5
7,29 2,5
7,3 2,5
7,31 2,5
7,32 2,5
7,33 2,5
7,34 2,5
7,35 2,5
7,36 2,5
7,37 2,5
7,38 2,5
7,39 2,5
7,4 2,5
7,41 2,5
7,42 2,5
7,43 5
7,44 5
7,45 5
7,46 5
7,47 5
7,48 5
7,49 5
7,5 5
7,51 5
7,52 5
7,53 5
7,54 5
7,55 5
7,56 5
7,57 5
7,58 5
7,59 5
7,6 5
7,61 5
7,62 5
7,63 5
7,64 5
7,65 5
7,66 5
7,67 5
7,68 5
7,69 5
7,7 5
7,71 5
7,72 5
7,73 5
7,74 5
7,75 5
7,76 7,5
7,77 7,5
7,78 7,5
7,79 7,5
7,8 7,5
7,81 7,5
7,82 7,5
7,83 7,5
7,84 7,5
7,85 7,5
7,86 7,5
7,87 7,5
7,88 7,5
7,89 7,5
7,9 7,5
7,91 7,5
7,92 7,5
7,93 7,5
7,94 7,5
7,95 7,5
7,96 7,5
7,97 7,5
7,98 7,5
7,99 7,5
8 7,5
8,01 7,5
8,02 7,5
8,03 7,5
8,04 7,5
8,05 7,5
8,06 7,5
8,07 7,5
8,08 7,5
8,09 7,5
8,1 7,5
8,11 7,5
8,12 7,5
8,13 7,5
8,14 7,5
8,15 7,5
8,16 7,5
8,17 7,5
8,18 7,5
8,19 10
8,2 10
8,21 10
8,22 10
8,23 10
8,24 10
8,25 10
8,26 10
8,27 10
8,28 10
8,29 10
8,3 10
8,31 10
8,32 10
8,33 10
8,34 10
8,35 10
8,36 10
8,37 10
8,38 10
8,39 10
8,4 10
8,41 10
8,42 10
8,43 10
8,44 10
8,45 10
8,46 10
8,47 10
8,48 10
8,49 10
8,5 10
8,51 10
8,52 10
8,53 10
8,54 10
8,55 10
8,56 10
8,57 10
8,58 10
8,59 10
8,6 10
8,61 10
8,62 10
8,63 10
8,64 10
8,65 10
8,66 10
8,67 10
8,68 10
8,69 10
8,7 10
8,71 10
8,72 10
8,73 10
8,74 10
8,75 10
8,76 10
8,77 10
8,78 10
8,79 10
8,8 10
8,81 10
8,82 10
8,83 10
8,84 10
8,85 10
8,86 10
8,87 10
8,88 10
8,89 10
8,9 10
8,91 10
8,92 10
8,93 10
8,94 10
8,95 10
8,96 10
8,97 10
8,98 10
8,99 10
9 10
9,01 10
9,02 10
9,03 10
9,04 10
9,05 10
9,06 10
9,07 10
9,08 10
9,09 10
9,1 10
9,11 10
9,12 10
9,13 10
9,14 10
9,15 10
9,16 10
9,17 10
9,18 10
9,19 10
9,2 10
9,21 10
9,22 10
9,23 10
9,24 10
9,25 10
9,26 10
9,27 10
9,28 10
9,29 10
9,3 10
9,31 10
9,32 7,5
9,33 7,5
9,34 7,5
9,35 7,5
9,36 7,5
9,37 7,5
9,38 7,5
9,39 7,5
9,4 7,5
9,41 7,5
9,42 7,5
9,43 7,5
9,44 7,5
9,45 7,5
9,46 7,5
9,47 7,5
9,48 7,5
9,49 7,5
9,5 7,5
9,51 7,5
9,52 7,5
9,53 7,5
9,54 7,5
9,55 7,5
9,56 7,5
9,57 7,5
9,58 7,5
9,59 7,5
9,6 7,5
9,61 7,5
9,62 7,5
9,63 7,5
9,64 7,5
9,65 7,5
9,66 7,5
9,67 7,5
9,68 7,5
9,69 7,5
9,7 7,5
9,71 7,5
9,72 7,5
9,73 7,5
9,74 7,5
9,75 5
9,76 5
9,77 5
9,78 5
9,79 5
9,8 5
9,81 5
9,82 5
9,83 5
9,84 5
9,85 5
9,86 5
9,87 5
9,88 5
9,89 5
9,9 5
9,91 5
9,92 5
9,93 5
9,94 5
9,95 5
9,96 5
9,97 5
9,98 5
9,99 5
