0
0,01
True
0 10
0,01 10
0,02 10
0,03 10
0,04 10
0,05 10
0,06 10
0,07 10
0,08 10
0,09 10
0,1 10
0,11 10
0,12 10
0,13 10
0,14 10
0,15 10
0,16 10
0,17 10
0,18 10
0,19 10
0,2 10
0,21 10
0,22 10
0,23 10
0,24 10
0,25 10
0,26 10
0,27 10
0,28 10
0,29 10
0,3 10
0,31 10
0,32 10
0,33 10
0,34 10
0,35 10
0,36 10
0,37 10
0,38 10
0,39 10
0,4 10
0,41 10
0,42 10
0,43 10
0,44 10
0,45 10
0,46 10
0,47 10
0,48 10
0,49 10
0,5 10
0,51 10
0,52 10
0,53 10
0,54 10
0,55 10
0,56 10
0,57 10
0,58 10
0,59 10
0,6 10
0,61 10
0,62 10
0,63 10
0,64 10
0,65 10
0,66 10
0,67 10
0,68 10
0,69 10
0,7 10
0,71 10
0,72 10
0,73 10
0,74 10
0,75 10
0,76 10
0,77 10
0,78 10
0,79 10
0,8 10
0,81 10
0,82 10
0,83 10
0,84 10
0,85 10
0,86 10
0,87 10
0,88 10
0,89 10
0,9 10
0,91 10
0,92 10
0,93 10
0,94 10
0,95 10
0,96 10
0,97 10
0,98 10
0,99 10
1 0
1,01 0
1,02 0
1,03 0
1,04 0
1,05 0
1,06 0
1,07 0
1,08 0
1,09 0
1,1 0
1,11 0
1,12 0
1,13 0
1,14 0
1,15 0
1,16 0
1,17 0
1,18 0
1,19 0
1,2 0
1,21 0
1,22 0
1,23 0
1,24 0
1,25 0
1,26 0
1,27 0
1,28 0
1,29 0
1,3 0
1,31 0
1,32 0
1,33 0
1,34 0
1,35 0
1,36 0
1,37 0
1,38 0
1,39 0
1,4 0
1,41 0
1,42 0
1,43 0
1,44 0
1,45 0
1,46 0
1,47 0
1,48 0
1,49 0
1,5 0
1,51 0
1,52 0
1,53 0
1,54 0
1,55 0
1,56 0
1,57 0
1,58 0
1,59 0
1,6 0
1,61 0
1,62 0
1,63 0
1,64 0
1,65 0
1,66 0
1,67 0
1,68 0
1,69 0
1,7 0
1,71 0
1,72 0
1,73 0
1,74 0
1,75 0
1,76 0
1,77 0
1,78 0
1,79 0
1,8 0
1,81 0
1,82 0
1,83 0
1,84 0
1,85 0
1,86 0
1,87 0
1,88 0
1,89 0
1,9 0
1,91 0
1,92 0
1,93 0
1,94 0
1,95 0
1,96 0
1,97 0
1,98 0
1,99 0
2 10
2,01 10
2,02 10
2,03 10
2,04 10
2,05 10
2,06 10
2,07 10
2,08 10
2,09 10
2,1 10
2,11 10
2,12 10
2,13 10
2,14 10
2,15 10
2,16 10
2,17 10
2,18 10
2,19 10
2,2 10
2,21 10
2,22 10
2,23 10
2,24 10
2,25 10
2,26 10
2,27 10
2,28 10
2,29 10
2,3 10
2,31 10
2,32 10
2,33 10
2,34 10
2,35 10
2,36 10
2,37 10
2,38 10
2,39 10
2,4 10
2,41 10
2,42 10
2,43 10
2,44 10
2,45 10
2,46 10
2,47 10
2,48 10
2,49 10
2,5 10
2,51 10
2,52 10
2,53 10
2,54 10
2,55 10
2,56 10
2,57 10
2,58 10
2,59 10
2,6 10
2,61 10
2,62 10
2,63 10
2,64 10
2,65 10
2,66 10
2,67 10
2,68 10
2,69 10
2,7 10
2,71 10
2,72 10
2,73 10
2,74 10
2,75 10
2,76 10
2,77 10
2,78 10
2,79 10
2,8 10
2,81 10
2,82 10
2,83 10
2,84 10
2,85 10
2,86 10
2,87 10
2,88 10
2,89 10
2,9 10
2,91 10
2,92 10
2,93 10
2,94 10
2,95 10
2,96 10
2,97 10
2,98 10
2,99 10
3 10
3,01 0
3,02 0
3,03 0
3,04 0
3,05 0
3,06 0
3,07 0
3,08 0
3,09 0
3,1 0
3,11 0
3,12 0
3,13 0
3,14 0
3,15 0
3,16 0
3,17 0
3,18 0
3,19 0
3,2 0
3,21 0
3,22 0
3,23 0
3,24 0
3,25 0
3,26 0
3,27 0
3,28 0
3,29 0
3,3 0
3,31 0
3,32 0
3,33 0
3,34 0
3,35 0
3,36 0
3,37 0
3,38 0
3,39 0
3,4 0
3,41 0
3,42 0
3,43 0
3,44 0
3,45 0
3,46 0
3,47 0
3,48 0
3,49 0
3,5 0
3,51 0
3,52 0
3,53 0
3,54 0
3,55 0
3,56 0
3,57 0
3,58 0
3,59 0
3,6 0
3,61 0
3,62 0
3,63 0
3,64 0
3,65 0
3,66 0
3,67 0
3,68 0
3,69 0
3,7 0
3,71 0
3,72 0
3,73 0
3,74 0
3,75 0
3,76 0
3,77 0
3,78 0
3,79 0
3,8 0
3,81 0
3,82 0
3,83 0
3,84 0
3,85 0
3,86 0
3,87 0
3,88 0
3,89 0
3,9 0
3,91 0
3,92 0
3,93 0
3,94 0
3,95 0
3,96 0
3,97 0
3,98 0
3,99 0
4 0
4,01 10
4,02 10
4,03 10
4,04 10
4,05 10
4,06 10
4,07 10
4,08 10
4,09 10
4,1 10
4,11 10
4,12 10
4,13 10
4,14 10
4,15 10
4,16 10
4,17 10
4,18 10
4,19 10
4,2 10
4,21 10
4,22 10
4,23 10
4,24 10
4,25 10
4,26 10
4,27 10
4,28 10
4,29 10
4,3 10
4,31 10
4,32 10
4,33 10
4,34 10
4,35 10
4,36 10
4,37 10
4,38 10
4,39 10
4,4 10
4,41 10
4,42 10
4,43 10
4,44 10
4,45 10
4,46 10
4,47 10
4,48 10
4,49 10
4,5 10
4,51 10
4,52 10
4,53 10
4,54 10
4,55 10
4,56 10
4,57 10
4,58 10
4,59 10
4,6 10
4,61 10
4,62 10
4,63 10
4,64 10
4,65 10
4,66 10
4,67 10
4,68 10
4,69 10
4,7 10
4,71 10
4,72 10
4,73 10
4,74 10
4,75 10
4,76 10
4,77 10
4,78 10
4,79 10
4,8 10
4,81 10
4,82 10
4,83 10
4,84 10
4,85 10
4,86 10
4,87 10
4,88 10
4,89 10
4,9 10
4,91 10
4,92 10
4,93 10
4,94 10
4,95 10
4,96 10
4,97 10
4,98 10
4,99 10
5 10
5,01 0
5,02 0
5,03 0
5,04 0
5,05 0
5,06 0
5,07 0
5,08 0
5,09 0
5,1 0
5,11 0
5,12 0
5,13 0
5,14 0
5,15 0
5,16 0
5,17 0
5,18 0
5,19 0
5,2 0
5,21 0
5,22 0
5,23 0
5,24 0
5,25 0
5,26 0
5,27 0
5,28 0
5,29 0
5,3 0
5,31 0
5,32 0
5,33 0
5,34 0
5,35 0
5,36 0
5,37 0
5,38 0
5,39 0
5,4 0
5,41 0
5,42 0
5,43 0
5,44 0
5,45 0
5,46 0
5,47 0
5,48 0
5,49 0
5,5 0
5,51 0
5,52 0
5,53 0
5,54 0
5,55 0
5,56 0
5,57 0
5,58 0
5,59 0
5,6 0
5,61 0
5,62 0
5,63 0
5,64 0
5,65 0
5,66 0
5,67 0
5,68 0
5,69 0
5,7 0
5,71 0
5,72 0
5,73 0
5,74 0
5,75 0
5,76 0
5,77 0
5,78 0
5,79 0
5,8 0
5,81 0
5,82 0
5,83 0
5,84 0
5,85 0
5,86 0
5,87 0
5,88 0
5,89 0
5,9 0
5,91 0
5,92 0
5,93 0
5,94 0
5,95 0
5,96 0
5,97 0
5,98 0
5,99 0
6 0
6,01 10
6,02 10
6,03 10
6,04 10
6,05 10
6,06 10
6,07 10
6,08 10
6,09 10
6,1 10
6,11 10
6,12 10
6,13 10
6,14 10
6,15 10
6,16 10
6,17 10
6,18 10
6,19 10
6,2 10
6,21 10
6,22 10
6,23 10
6,24 10
6,25 10
6,26 10
6,27 10
6,28 10
6,29 10
6,3 10
6,31 10
6,32 10
6,33 10
6,34 10
6,35 10
6,36 10
6,37 10
6,38 10
6,39 10
6,4 10
6,41 10
6,42 10
6,43 10
6,44 10
6,45 10
6,46 10
6,47 10
6,48 10
6,49 10
6,5 10
6,51 10
6,52 10
6,53 10
6,54 10
6,55 10
6,56 10
6,57 10
6,58 10
6,59 10
6,6 10
6,61 10
6,62 10
6,63 10
6,64 10
6,65 10
6,66 10
6,67 10
6,68 10
6,69 10
6,7 10
6,71 10
6,72 10
6,73 10
6,74 10
6,75 10
6,76 10
6,77 10
6,78 10
6,79 10
6,8 10
6,81 10
6,82 10
6,83 10
6,84 10
6,85 10
6,86 10
6,87 10
6,88 10
6,89 10
6,9 10
6,91 10
6,92 10
6,93 10
6,94 10
6,95 10
6,96 10
6,97 10
6,98 10
6,99 10
7 10
7,01 0
7,02 0
7,03 0
7,04 0
7,05 0
7,06 0
7,07 0
7,08 0
7,09 0
7,1 0
7,11 0
7,12 0
7,13 0
7,14 0
7,15 0
7,16 0
7,17 0
7,18 0
7,19 0
7,2 0
7,21 0
7,22 0
7,23 0
7,24 0
7,25 0
7,26 0
7,27 0
7,28 0
7,29 0
7,3 0
7,31 0
7,32 0
7,33 0
7,34 0
7,35 0
7,36 0
7,37 0
7,38 0
7,39 0
7,4 0
7,41 0
7,42 0
7,43 0
7,44 0
7,45 0
7,46 0
7,47 0
7,48 0
7,49 0
7,5 0
7,51 0
7,52 0
7,53 0
7,54 0
7,55 0
7,56 0
7,57 0
7,58 0
7,59 0
7,6 0
7,61 0
7,62 0
7,63 0
7,64 0
7,65 0
7,66 0
7,67 0
7,68 0
7,69 0
7,7 0
7,71 0
7,72 0
7,73 0
7,74 0
7,75 0
7,76 0
7,77 0
7,78 0
7,79 0
7,8 0
7,81 0
7,82 0
7,83 0
7,84 0
7,85 0
7,86 0
7,87 0
7,88 0
7,89 0
7,9 0
7,91 0
7,92 0
7,93 0
7,94 0
7,95 0
7,96 0
7,97 0
7,98 0
7,99 0
8 0
8,01 10
8,02 10
8,03 10
8,04 10
8,05 10
8,06 10
8,07 10
8,08 10
8,09 10
8,1 10
8,11 10
8,12 10
8,13 10
8,14 10
8,15 10
8,16 10
8,17 10
8,18 10
8,19 10
8,2 10
8,21 10
8,22 10
8,23 10
8,24 10
8,25 10
8,26 10
8,27 10
8,28 10
8,29 10
8,3 10
8,31 10
8,32 10
8,33 10
8,34 10
8,35 10
8,36 10
8,37 10
8,38 10
8,39 10
8,4 10
8,41 10
8,42 10
8,43 10
8,44 10
8,45 10
8,46 10
8,47 10
8,48 10
8,49 10
8,5 10
8,51 10
8,52 10
8,53 10
8,54 10
8,55 10
8,56 10
8,57 10
8,58 10
8,59 10
8,6 10
8,61 10
8,62 10
8,63 10
8,64 10
8,65 10
8,66 10
8,67 10
8,68 10
8,69 10
8,7 10
8,71 10
8,72 10
8,73 10
8,74 10
8,75 10
8,76 10
8,77 10
8,78 10
8,79 10
8,8 10
8,81 10
8,82 10
8,83 10
8,84 10
8,85 10
8,86 10
8,87 10
8,88 10
8,89 10
8,9 10
8,91 10
8,92 10
8,93 10
8,94 10
8,95 10
8,96 10
8,97 10
8,98 10
8,99 10
9 10
9,01 0
9,02 0
9,03 0
9,04 0
9,05 0
9,06 0
9,07 0
9,08 0
9,09 0
9,1 0
9,11 0
9,12 0
9,13 0
9,14 0
9,15 0
9,16 0
9,17 0
9,18 0
9,19 0
9,2 0
9,21 0
9,22 0
9,23 0
9,24 0
9,25 0
9,26 0
9,27 0
9,28 0
9,29 0
9,3 0
9,31 0
9,32 0
9,33 0
9,34 0
9,35 0
9,36 0
9,37 0
9,38 0
9,39 0
9,4 0
9,41 0
9,42 0
9,43 0
9,44 0
9,45 0
9,46 0
9,47 0
9,48 0
9,49 0
9,5 0
9,51 0
9,52 0
9,53 0
9,54 0
9,55 0
9,56 0
9,57 0
9,58 0
9,59 0
9,6 0
9,61 0
9,62 0
9,63 0
9,64 0
9,65 0
9,66 0
9,67 0
9,68 0
9,69 0
9,7 0
9,71 0
9,72 0
9,73 0
9,74 0
9,75 0
9,76 0
9,77 0
9,78 0
9,79 0
9,8 0
9,81 0
9,82 0
9,83 0
9,84 0
9,85 0
9,86 0
9,87 0
9,88 0
9,89 0
9,9 0
9,91 0
9,92 0
9,93 0
9,94 0
9,95 0
9,96 0
9,97 0
9,98 0
9,99 0
10 0
