0
0,01
True
0 10
0,01 10
0,02 10
0,03 10
0,04 10
0,05 10
0,06 10
0,07 10
0,08 10
0,09 10
0,1 10
0,11 10
0,12 10
0,13 10
0,14 10
0,15 10
0,16 10
0,17 10
0,18 10
0,19 10
0,2 10
0,21 10
0,22 10
0,23 10
0,24 10
0,25 10
0,26 10
0,27 10
0,28 10
0,29 10
0,3 10
0,31 10
0,32 10
0,33 10
0,34 10
0,35 10
0,36 10
0,37 10
0,38 10
0,39 10
0,4 10
0,41 10
0,42 10
0,43 10
0,44 10
0,45 10
0,46 10
0,47 10
0,48 10
0,49 10
0,5 10
0,51 10
0,52 10
0,53 10
0,54 10
0,55 10
0,56 10
0,57 10
0,58 10
0,59 10
0,6 10
0,61 10
0,62 10
0,63 10
0,64 10
0,65 10
0,66 10
0,67 10
0,68 10
0,69 10
0,7 10
0,71 10
0,72 10
0,73 10
0,74 10
0,75 10
0,76 10
0,77 10
0,78 10
0,79 10
0,8 10
0,81 10
0,82 10
0,83 10
0,84 10
0,85 10
0,86 10
0,87 10
0,88 10
0,89 10
0,9 10
0,91 10
0,92 10
0,93 10
0,94 10
0,95 10
0,96 10
0,97 10
0,98 10
0,99 10
1 10
1,01 10
1,02 10
1,03 10
1,04 10
1,05 10
1,06 10
1,07 10
1,08 10
1,09 10
1,1 10
1,11 10
1,12 10
1,13 10
1,14 10
1,15 10
1,16 10
1,17 10
1,18 10
1,19 10
1,2 10
1,21 10
1,22 10
1,23 10
1,24 10
1,25 10
1,26 10
1,27 10
1,28 10
1,29 10
1,3 10
1,31 10
1,32 10
1,33 10
1,34 10
1,35 10
1,36 10
1,37 10
1,38 10
1,39 10
1,4 10
1,41 10
1,42 10
1,43 10
1,44 10
1,45 10
1,46 10
1,47 10
1,48 10
1,49 10
1,5 0
1,51 0
1,52 0
1,53 0
1,54 0
1,55 0
1,56 0
1,57 0
1,58 0
1,59 0
1,6 0
1,61 0
1,62 0
1,63 0
1,64 0
1,65 0
1,66 0
1,67 0
1,68 0
1,69 0
1,7 0
1,71 0
1,72 0
1,73 0
1,74 0
1,75 0
1,76 0
1,77 0
1,78 0
1,79 0
1,8 0
1,81 0
1,82 0
1,83 0
1,84 0
1,85 0
1,86 0
1,87 0
1,88 0
1,89 0
1,9 0
1,91 0
1,92 0
1,93 0
1,94 0
1,95 0
1,96 0
1,97 0
1,98 0
1,99 0
2 0
2,01 0
2,02 0
2,03 0
2,04 0
2,05 0
2,06 0
2,07 0
2,08 0
2,09 0
2,1 0
2,11 0
2,12 0
2,13 0
2,14 0
2,15 0
2,16 0
2,17 0
2,18 0
2,19 0
2,2 0
2,21 0
2,22 0
2,23 0
2,24 0
2,25 0
2,26 0
2,27 0
2,28 0
2,29 0
2,3 0
2,31 0
2,32 0
2,33 0
2,34 0
2,35 0
2,36 0
2,37 0
2,38 0
2,39 0
2,4 0
2,41 0
2,42 0
2,43 0
2,44 0
2,45 0
2,46 0
2,47 0
2,48 0
2,49 0
2,5 0
2,51 0
2,52 0
2,53 0
2,54 0
2,55 0
2,56 0
2,57 0
2,58 0
2,59 0
2,6 0
2,61 0
2,62 0
2,63 0
2,64 0
2,65 0
2,66 0
2,67 0
2,68 0
2,69 0
2,7 0
2,71 0
2,72 0
2,73 0
2,74 0
2,75 0
2,76 0
2,77 0
2,78 0
2,79 0
2,8 0
2,81 0
2,82 0
2,83 0
2,84 0
2,85 0
2,86 0
2,87 0
2,88 0
2,89 0
2,9 0
2,91 0
2,92 0
2,93 0
2,94 0
2,95 0
2,96 0
2,97 0
2,98 0
2,99 0
3 0
3,01 10
3,02 10
3,03 10
3,04 10
3,05 10
3,06 10
3,07 10
3,08 10
3,09 10
3,1 10
3,11 10
3,12 10
3,13 10
3,14 10
3,15 10
3,16 10
3,17 10
3,18 10
3,19 10
3,2 10
3,21 10
3,22 10
3,23 10
3,24 10
3,25 10
3,26 10
3,27 10
3,28 10
3,29 10
3,3 10
3,31 10
3,32 10
3,33 10
3,34 10
3,35 10
3,36 10
3,37 10
3,38 10
3,39 10
3,4 10
3,41 10
3,42 10
3,43 10
3,44 10
3,45 10
3,46 10
3,47 10
3,48 10
3,49 10
3,5 10
3,51 10
3,52 10
3,53 10
3,54 10
3,55 10
3,56 10
3,57 10
3,58 10
3,59 10
3,6 10
3,61 10
3,62 10
3,63 10
3,64 10
3,65 10
3,66 10
3,67 10
3,68 10
3,69 10
3,7 10
3,71 10
3,72 10
3,73 10
3,74 10
3,75 10
3,76 10
3,77 10
3,78 10
3,79 10
3,8 10
3,81 10
3,82 10
3,83 10
3,84 10
3,85 10
3,86 10
3,87 10
3,88 10
3,89 10
3,9 10
3,91 10
3,92 10
3,93 10
3,94 10
3,95 10
3,96 10
3,97 10
3,98 10
3,99 10
4 10
4,01 10
4,02 10
4,03 10
4,04 10
4,05 10
4,06 10
4,07 10
4,08 10
4,09 10
4,1 10
4,11 10
4,12 10
4,13 10
4,14 10
4,15 10
4,16 10
4,17 10
4,18 10
4,19 10
4,2 10
4,21 10
4,22 10
4,23 10
4,24 10
4,25 10
4,26 10
4,27 10
4,28 10
4,29 10
4,3 10
4,31 10
4,32 10
4,33 10
4,34 10
4,35 10
4,36 10
4,37 10
4,38 10
4,39 10
4,4 10
4,41 10
4,42 10
4,43 10
4,44 10
4,45 10
4,46 10
4,47 10
4,48 10
4,49 10
4,5 10
4,51 0
4,52 0
4,53 0
4,54 0
4,55 0
4,56 0
4,57 0
4,58 0
4,59 0
4,6 0
4,61 0
4,62 0
4,63 0
4,64 0
4,65 0
4,66 0
4,67 0
4,68 0
4,69 0
4,7 0
4,71 0
4,72 0
4,73 0
4,74 0
4,75 0
4,76 0
4,77 0
4,78 0
4,79 0
4,8 0
4,81 0
4,82 0
4,83 0
4,84 0
4,85 0
4,86 0
4,87 0
4,88 0
4,89 0
4,9 0
4,91 0
4,92 0
4,93 0
4,94 0
4,95 0
4,96 0
4,97 0
4,98 0
4,99 0
5 0
5,01 0
5,02 0
5,03 0
5,04 0
5,05 0
5,06 0
5,07 0
5,08 0
5,09 0
5,1 0
5,11 0
5,12 0
5,13 0
5,14 0
5,15 0
5,16 0
5,17 0
5,18 0
5,19 0
5,2 0
5,21 0
5,22 0
5,23 0
5,24 0
5,25 0
5,26 0
5,27 0
5,28 0
5,29 0
5,3 0
5,31 0
5,32 0
5,33 0
5,34 0
5,35 0
5,36 0
5,37 0
5,38 0
5,39 0
5,4 0
5,41 0
5,42 0
5,43 0
5,44 0
5,45 0
5,46 0
5,47 0
5,48 0
5,49 0
5,5 0
5,51 0
5,52 0
5,53 0
5,54 0
5,55 0
5,56 0
5,57 0
5,58 0
5,59 0
5,6 0
5,61 0
5,62 0
5,63 0
5,64 0
5,65 0
5,66 0
5,67 0
5,68 0
5,69 0
5,7 0
5,71 0
5,72 0
5,73 0
5,74 0
5,75 0
5,76 0
5,77 0
5,78 0
5,79 0
5,8 0
5,81 0
5,82 0
5,83 0
5,84 0
5,85 0
5,86 0
5,87 0
5,88 0
5,89 0
5,9 0
5,91 0
5,92 0
5,93 0
5,94 0
5,95 0
5,96 0
5,97 0
5,98 0
5,99 0
6 0
6,01 10
6,02 10
6,03 10
6,04 10
6,05 10
6,06 10
6,07 10
6,08 10
6,09 10
6,1 10
6,11 10
6,12 10
6,13 10
6,14 10
6,15 10
6,16 10
6,17 10
6,18 10
6,19 10
6,2 10
6,21 10
6,22 10
6,23 10
6,24 10
6,25 10
6,26 10
6,27 10
6,28 10
6,29 10
6,3 10
6,31 10
6,32 10
6,33 10
6,34 10
6,35 10
6,36 10
6,37 10
6,38 10
6,39 10
6,4 10
6,41 10
6,42 10
6,43 10
6,44 10
6,45 10
6,46 10
6,47 10
6,48 10
6,49 10
6,5 10
6,51 10
6,52 10
6,53 10
6,54 10
6,55 10
6,56 10
6,57 10
6,58 10
6,59 10
6,6 10
6,61 10
6,62 10
6,63 10
6,64 10
6,65 10
6,66 10
6,67 10
6,68 10
6,69 10
6,7 10
6,71 10
6,72 10
6,73 10
6,74 10
6,75 10
6,76 10
6,77 10
6,78 10
6,79 10
6,8 10
6,81 10
6,82 10
6,83 10
6,84 10
6,85 10
6,86 10
6,87 10
6,88 10
6,89 10
6,9 10
6,91 10
6,92 10
6,93 10
6,94 10
6,95 10
6,96 10
6,97 10
6,98 10
6,99 10
7 10
7,01 10
7,02 10
7,03 10
7,04 10
7,05 10
7,06 10
7,07 10
7,08 10
7,09 10
7,1 10
7,11 10
7,12 10
7,13 10
7,14 10
7,15 10
7,16 10
7,17 10
7,18 10
7,19 10
7,2 10
7,21 10
7,22 10
7,23 10
7,24 10
7,25 10
7,26 10
7,27 10
7,28 10
7,29 10
7,3 10
7,31 10
7,32 10
7,33 10
7,34 10
7,35 10
7,36 10
7,37 10
7,38 10
7,39 10
7,4 10
7,41 10
7,42 10
7,43 10
7,44 10
7,45 10
7,46 10
7,47 10
7,48 10
7,49 10
7,5 10
7,51 0
7,52 0
7,53 0
7,54 0
7,55 0
7,56 0
7,57 0
7,58 0
7,59 0
7,6 0
7,61 0
7,62 0
7,63 0
7,64 0
7,65 0
7,66 0
7,67 0
7,68 0
7,69 0
7,7 0
7,71 0
7,72 0
7,73 0
7,74 0
7,75 0
7,76 0
7,77 0
7,78 0
7,79 0
7,8 0
7,81 0
7,82 0
7,83 0
7,84 0
7,85 0
7,86 0
7,87 0
7,88 0
7,89 0
7,9 0
7,91 0
7,92 0
7,93 0
7,94 0
7,95 0
7,96 0
7,97 0
7,98 0
7,99 0
8 0
8,01 0
8,02 0
8,03 0
8,04 0
8,05 0
8,06 0
8,07 0
8,08 0
8,09 0
8,1 0
8,11 0
8,12 0
8,13 0
8,14 0
8,15 0
8,16 0
8,17 0
8,18 0
8,19 0
8,2 0
8,21 0
8,22 0
8,23 0
8,24 0
8,25 0
8,26 0
8,27 0
8,28 0
8,29 0
8,3 0
8,31 0
8,32 0
8,33 0
8,34 0
8,35 0
8,36 0
8,37 0
8,38 0
8,39 0
8,4 0
8,41 0
8,42 0
8,43 0
8,44 0
8,45 0
8,46 0
8,47 0
8,48 0
8,49 0
8,5 0
8,51 0
8,52 0
8,53 0
8,54 0
8,55 0
8,56 0
8,57 0
8,58 0
8,59 0
8,6 0
8,61 0
8,62 0
8,63 0
8,64 0
8,65 0
8,66 0
8,67 0
8,68 0
8,69 0
8,7 0
8,71 0
8,72 0
8,73 0
8,74 0
8,75 0
8,76 0
8,77 0
8,78 0
8,79 0
8,8 0
8,81 0
8,82 0
8,83 0
8,84 0
8,85 0
8,86 0
8,87 0
8,88 0
8,89 0
8,9 0
8,91 0
8,92 0
8,93 0
8,94 0
8,95 0
8,96 0
8,97 0
8,98 0
8,99 0
9 0
9,01 10
9,02 10
9,03 10
9,04 10
9,05 10
9,06 10
9,07 10
9,08 10
9,09 10
9,1 10
9,11 10
9,12 10
9,13 10
9,14 10
9,15 10
9,16 10
9,17 10
9,18 10
9,19 10
9,2 10
9,21 10
9,22 10
9,23 10
9,24 10
9,25 10
9,26 10
9,27 10
9,28 10
9,29 10
9,3 10
9,31 10
9,32 10
9,33 10
9,34 10
9,35 10
9,36 10
9,37 10
9,38 10
9,39 10
9,4 10
9,41 10
9,42 10
9,43 10
9,44 10
9,45 10
9,46 10
9,47 10
9,48 10
9,49 10
9,5 10
9,51 10
9,52 10
9,53 10
9,54 10
9,55 10
9,56 10
9,57 10
9,58 10
9,59 10
9,6 10
9,61 10
9,62 10
9,63 10
9,64 10
9,65 10
9,66 10
9,67 10
9,68 10
9,69 10
9,7 10
9,71 10
9,72 10
9,73 10
9,74 10
9,75 10
9,76 10
9,77 10
9,78 10
9,79 10
9,8 10
9,81 10
9,82 10
9,83 10
9,84 10
9,85 10
9,86 10
9,87 10
9,88 10
9,89 10
9,9 10
9,91 10
9,92 10
9,93 10
9,94 10
9,95 10
9,96 10
9,97 10
9,98 10
9,99 10
10 10
