0
0
False
0 0.813550628695462
0.01 1.21599803304341
0.02 1.54762616216784
0.03 1.85334451440614
0.04 2.4098672001085
0.05 2.84717745720416
0.06 3.31905313668922
0.07 3.86007745880654
0.08 4.32597190813027
0.09 4.68953796954996
0.1 5.31918222023701
0.11 5.73234286988152
0.12 6.01365532760771
0.13 6.56350431148618
0.14 6.87194165332438
0.15 7.03632279016927
0.16 7.5753109903143
0.17 7.76809847774242
0.18 8.10266612368855
0.19 8.31875850069512
0.2 8.38906654085823
0.21 8.67359783978924
0.22 8.76750984393314
0.23 8.71284773945691
0.24 8.93726302825717
0.25 8.90566777997247
0.26 8.72797196315937
0.27 8.88432121834255
0.28 8.72833799505131
0.29 8.43390342880087
0.3 8.51664790005534
0.31 8.24180248520693
0.32 7.84105966081676
0.33 7.84726808399668
0.34 7.46329701343427
0.35 6.97044244524577
0.36 6.89989488386484
0.37 6.42040052418904
0.38 5.85289383098929
0.39 5.70808946758038
0.4 5.15005814553109
0.41 4.52800353485297
0.42 4.314072136181
0.43 3.69727238954421
0.44 3.04270645609174
0.45 2.76722664860857
0.46 2.11350891590986
0.47 1.44961998420459
0.48 1.12235077742875
0.49 0.454873335255117
0.5 -0.194819998320345
0.51 -0.562284929581175
0.52 -1.21987636007478
0.53 -1.83235838527871
0.54 -2.22700141263769
0.55 -2.85141132718867
0.56 -3.40498456292983
0.57 -3.81282526039639
0.58 -4.38193362648682
0.59 -4.85698746490922
0.6 -5.26357787244964
0.61 -5.75722374248599
0.62 -6.13692916452894
0.63 -6.52786561425345
0.64 -6.92856133718617
0.65 -7.19946708897445
0.66 -7.56090046225309
0.67 -7.85445119233339
0.68 -8.00696030255184
0.69 -8.32608664194626
0.7 -8.50209319821351
0.71 -8.53080295560035
0.72 -8.79631705143941
0.73 -8.84854431389106
0.74 -8.75243766097782
0.75 -8.95493354404635
0.76 -8.88153133587254
0.77 -8.66401289875193
0.78 -8.79631705143939
0.79 -8.5998856824588
0.8 -8.26866116020805
0.810000000000001 -8.32608664194622
0.820000000000001 -8.0135847913344
0.830000000000001 -7.58038797778377
0.840000000000001 -7.56090046225304
0.850000000000001 -7.1433986638634
0.860000000000001 -6.62357577209999
0.870000000000001 -6.52786561425339
0.880000000000001 -6.02015407743633
0.890000000000001 -5.43212009255474
0.900000000000001 -5.26357787244956
0.910000000000001 -4.68364253151268
0.920000000000001 -4.04822885058734
0.930000000000001 -3.8128252603963
0.940000000000001 -3.18121061391475
0.950000000000001 -2.52092708337325
0.960000000000001 -2.22700141263759
0.970000000000001 -1.56608272434982
0.980000000000001 -0.904320217441062
0.990000000000001 -0.562284929581072
1 0.104524426484198
1.01 0.744322643036146
1.02 1.12235077742886
1.03 1.77142874740013
1.04 2.36659750280724
1.05 2.76722664860868
1.06 3.37557932180668
1.07 3.90503446619166
1.08 4.31407213618111
1.09 4.86014831586806
1.1 5.30513363678511
1.11 5.70808946758048
1.12 6.17254413284873
1.13 6.51729580346022
1.14 6.89989488386492
1.15 7.26627449664689
1.16 7.498579517148
1.17 7.84726808399674
1.18 8.10259346385378
1.19 8.21422231307931
1.2 8.51664790005537
1.21 8.65187401811545
1.22 8.63887218842985
1.23 8.88432121834256
1.24 8.89465762195742
1.25 8.75748570965926
1.26 8.93726302825716
1.27 8.82234354517561
1.28 8.5658609336441
1.29 8.6735978397892
1.3 8.43749354999167
1.31 8.07078626360783
1.32 8.1026661236885
1.33 7.75374113934911
1.34 7.2897999665523
1.35 7.24469342063171
1.36 6.79530858327467
1.37 6.25056887140566
1.38 6.13007384136059
1.39 5.59614883288675
1.4 4.98990825781447
1.41 4.79829334015617
1.42 4.1987427201751
1.43 3.55247765650825
1.44 3.29653090522296
1.45 2.65259405334904
1.46 1.9891987631587
1.47 1.67798721951108
1.48 1.01247591975189
1.49 0.355451511923885
1.5 -1.34309230404028E-13
1.51 -0.663509678064861
1.52 -1.29088778632856
1.53 -1.67798721951134
1.54 -2.31599011474831
1.55 -2.89149674118773
1.56 -3.29653090522321
1.57 -3.88642544699702
1.58 -4.38967298245596
1.59 -4.79829334015639
1.6 -5.31918222023712
1.61 -5.73234286988161
1.62 -6.13007384136078
1.63 -6.56350431148627
1.64 -6.87194165332446
1.65 -7.24469342063187
1.66 -7.57531099031437
1.67 -7.76809847774246
1.68 -8.10266612368862
1.69 -8.31875850069516
1.7 -8.38906654085825
1.71 -8.67359783978927
1.72 -8.76750984393314
1.73 -8.71284773945689
1.74 -8.93726302825717
1.75 -8.90566777997244
1.76 -8.72797196315931
1.77 -8.88432121834252
1.78 -8.72833799505125
1.79 -8.43390342880079
1.8 -8.51664790005528
1.81 -8.24180248520685
1.82 -7.84105966081667
1.83 -7.84726808399661
1.84 -7.46329701343418
1.85 -6.97044244524567
1.86 -6.89989488386475
1.87 -6.42040052418894
1.88 -5.85289383098918
1.89 -5.70808946758028
1.9 -5.15005814553098
1.91 -4.52800353485285
1.92 -4.31407213618088
1.93 -3.69727238954408
1.94 -3.0427064560916
1.95 -2.76722664860844
1.96 -2.11350891590972
1.97 -1.44961998420446
1.98 -1.12235077742862
1.99 -0.454873335254983
2 0.194819998320458
2.01 0.562284929581269
2.02 1.21987636007485
2.03 1.83235838527876
2.04 2.22700141263771
2.05 2.85141132718867
2.06 3.40498456292981
2.07 3.85714675118079
2.08 4.38193362648675
2.09 4.85698746490914
2.1 5.210960383157
2.11 5.75722374248588
2.12 6.13692916452883
2.13 6.38017314567405
2.14 6.92856133718603
2.15 7.19946708897434
2.16 7.32336509371735
2.17 7.85445119233326
2.18 8.00696030255176
2.19 8.00712318230612
2.2 8.50209319821343
2.21 8.53080295560033
2.22 8.40722494026953
2.23 8.84854431389106
2.24 8.7524376609779
2.25 8.50949656336395
2.26 8.88153133587265
2.27 8.66401289875214
2.28 8.31031502835449
2.29 8.59988568245904
2.29999999999999 8.26866116020838
2.30999999999999 7.81673644041934
2.31999999999999 8.01358479133478
2.32999999999999 7.58038797778425
2.33999999999999 7.04624606710608
2.34999999999999 7.14339866386394
2.35999999999999 6.62357577210063
2.36999999999999 6.0261389140116
2.37999999999999 6.02015407743704
2.38999999999999 5.43212009255554
2.39999999999999 4.79255278560119
2.40999999999999 4.68364253151355
2.41999999999999 4.04822885058828
2.42999999999999 3.38918808546903
2.43999999999999 3.18121061391578
2.44999999999999 2.52092708337431
2.45999999999999 1.86575970775442
2.46999999999999 1.56608272435096
2.47999999999999 0.904320217442211
2.48999999999999 0.276235862231859
2.49999999999999 -0.104524426482977
2.50999999999999 -0.744322643034953
2.51999999999999 -1.32307377642562
2.52999999999999 -1.77142874739888
2.53999999999999 -2.36659750280605
2.54999999999999 -2.87551286694456
2.55999999999999 -3.37557932180544
2.56999999999999 -3.90503446619053
2.57999999999999 -4.32608548058627
2.58999999999999 -4.8601483158669
2.59999999999999 -5.3051336367841
2.60999999999999 -5.62340435934024
2.61999999999999 -6.17254413284769
2.62999999999999 -6.51729580345937
2.63999999999999 -6.72151133515784
2.64999999999999 -7.26627449664605
2.65999999999999 -7.49857951714739
2.66999999999999 -7.58150542096763
2.67999999999999 -8.1025934638532
2.68999999999999 -8.214222313079
2.69999999999999 -8.17292089753606
2.70999999999999 -8.65187401811519
2.71999999999999 -8.63887218842986
2.72999999999999 -8.47480657675989
2.73999999999999 -8.8946576219575
2.74999999999999 -8.75748570965964
2.75999999999999 -8.47646800794972
2.76999999999998 -8.82234354517606
2.77999999999998 -8.56586093364484
2.78999999999998 -8.17784633407736
2.79999999999998 -8.43749354999249
2.80999999999998 -8.07078626360892
2.81999999999998 -7.58952037681538
2.82999999999998 -7.7537411393503
2.83999999999998 -7.28979996655374
2.84999999999998 -6.73233187650535
2.85999999999998 -6.79530858327622
2.86999999999998 -6.25056887140743
2.87999999999998 -5.63664716311575
2.88999999999998 -5.59614883288864
2.89999999999998 -4.98990825781653
2.90999999999998 -4.34128141386392
2.91999999999998 -4.19874272017728
2.92999999999998 -3.55247765651054
2.93999999999998 -2.89212360621215
2.94999999999998 -2.65259405335144
2.95999999999998 -1.98919876316113
2.96999999999998 -1.34051087796342
2.97999999999998 -1.01247591975443
2.98999999999998 -0.355451511926381
2.99999999999998 0.258590116438968
3.00999999999998 0.663509678062281
3.01999999999998 1.2908877863261
3.02999999999998 1.84853042704833
3.03999999999998 2.31599011474578
3.04999999999998 2.8914967411854
3.05999999999998 3.37298562570829
3.06999999999998 3.88642544699463
3.07999999999998 4.38967298245385
3.08999999999998 4.77795112700047
3.09999999999998 5.31918222023498
3.10999999999998 5.7323428698798
3.11999999999998 6.01365532760637
3.12999999999998 6.56350431148446
3.13999999999998 6.87194165332305
3.14999999999998 7.03632279016836
3.15999999999998 7.57531099031298
3.16999999999998 7.76809847774153
3.17999999999998 7.80972500998184
3.18999999999998 8.31875850069429
3.19999999999998 8.38906654085786
3.20999999999998 8.30646382783595
3.21999999999998 8.76750984393285
3.22999999999998 8.71284773945711
3.23999999999997 8.50894202346276
3.24999999999997 8.90566777997277
3.25999999999997 8.72797196316014
3.26999999999997 8.40998670583813
3.27999999999997 8.72833799505221
3.28999999999997 8.43390342880222
3.29999999999997 8.01310341642239
3.30999999999997 8.24180248520842
3.31999999999997 7.84105966081867
3.32999999999997 7.33235194360631
3.33999999999997 7.46329701343633
3.34999999999997 6.97044244524819
3.35999999999997 6.39184824769803
3.36999999999997 6.42040052419161
3.37999999999997 5.85289383099216
3.38999999999997 5.22491014100627
3.39999999999997 5.15005814553412
3.40999999999997 4.52800353485621
3.41999999999997 3.87287698772899
3.42999999999997 3.69727238954761
3.43999999999997 3.04270645609524
3.44999999999997 2.38364523636715
3.45999999999997 2.1135089159135
3.46999999999997 1.44961998420824
3.47999999999997 0.809971664158261
3.48999999999997 0.45487333525888
3.49999999999997 -0.194819998316696
3.50999999999997 -0.792395558058845
3.51999999999997 -1.21987636007103
3.52999999999997 -1.83235838527519
3.53999999999997 -2.36669177258876
3.54999999999997 -2.85141132718508
3.55999999999997 -3.40498456292657
3.56999999999997 -3.85714675117801
3.57999999999997 -4.38193362648351
3.58999999999997 -4.85698746490634
3.59999999999997 -5.21096038315473
3.60999999999997 -5.7572237424831
3.61999999999997 -6.13692916452656
3.62999999999997 -6.38017314567237
3.63999999999997 -6.92856133718382
3.64999999999997 -7.19946708897269
3.65999999999997 -7.32336509371633
3.66999999999997 -7.8544511923317
3.67999999999997 -8.0069603025508
3.68999999999997 -8.00712318230579
3.69999999999997 -8.50209319821257
3.70999999999996 -8.53080295560009
3.71999999999996 -8.40722494026991
3.72999999999996 -8.84854431389094
3.73999999999996 -8.75243766097838
3.74999999999996 -8.50949656336502
3.75999999999996 -8.88153133587325
3.76999999999996 -8.66401289875332
3.77999999999996 -8.3103150283562
3.78999999999996 -8.59988568246036
3.79999999999996 -8.26866116021022
3.80999999999996 -7.81673644042164
3.81999999999996 -8.01358479133677
3.82999999999996 -7.58038797778669
3.83999999999996 -7.04624606710888
3.84999999999996 -7.14339866386652
3.85999999999996 -6.62357577210358
3.86999999999996 -6.02613891401481
3.87999999999996 -6.02015407744012
3.88999999999996 -5.43212009255889
3.89999999999996 -4.7925527856047
3.90999999999996 -4.68364253151703
3.91999999999996 -4.04822885059192
3.92999999999996 -3.38918808547271
3.93999999999996 -3.18121061391953
3.94999999999996 -2.52092708337812
3.95999999999996 -1.86575970775813
3.96999999999996 -1.56608272435485
3.97999999999996 -0.90432021744604
3.98999999999996 -0.276235862235487
3.99999999999996 0.104524426479084
4.00999999999996 0.744322643031267
4.01999999999996 1.32307377642224
4.02999999999996 1.77142874739514
4.03999999999996 2.3665975028026
4.04999999999996 2.87551286694151
4.05999999999996 3.37557932180199
4.06999999999996 3.90503446618746
4.07999999999996 4.32608548058369
4.08999999999996 4.86014831586385
4.09999999999996 5.30513363678151
4.10999999999996 5.6234043593382
4.11999999999996 6.17254413284514
4.12999999999996 6.51729580345735
4.13999999999996 6.72151133515641
4.14999999999996 7.26627449664406
4.15999999999996 7.49857951714598
4.16999999999996 7.58150542096683
4.17999999999996 8.10259346385187
4.18999999999996 8.21422231307826
4.19999999999995 8.17292089753595
4.20999999999995 8.65187401811456
4.21999999999995 8.63887218842984
4.22999999999995 8.47480657676047
4.23999999999995 8.89465762195759
4.24999999999995 8.75748570966032
4.25999999999995 8.47646800795098
4.26999999999995 8.8223435451769
4.27999999999995 8.56586093364624
4.28999999999995 8.17784633407927
4.29999999999995 8.43749354999403
4.30999999999995 8.07078626361097
4.31999999999995 7.58952037681785
4.32999999999995 7.75374113935248
4.33999999999995 7.28979996655634
4.34999999999995 6.73233187650828
4.35999999999995 6.79530858327894
4.36999999999995 6.25056887141049
4.37999999999995 5.63664716311902
4.38999999999995 5.59614883289182
4.39999999999995 4.98990825781994
4.40999999999995 4.34128141386744
4.41999999999995 4.1987427201808
4.42999999999995 3.55247765651419
4.43999999999995 2.8921236062158
4.44999999999995 2.65259405335519
4.45999999999995 1.9891987631649
4.46999999999995 1.34051087796708
4.47999999999995 1.01247591975828
4.48999999999995 0.355451511930135
4.49999999999995 -0.258590116435447
4.50999999999995 -0.663509678058466
4.51999999999995 -1.29088778632249
4.52999999999995 -1.84853042704506
4.53999999999995 -2.31599011474214
4.54999999999995 -2.89149674118207
4.55999999999995 -3.3729856257054
4.56999999999995 -3.88642544699129
4.57999999999995 -4.38967298245091
4.58999999999995 -4.77795112699804
4.59999999999995 -5.31918222023207
4.60999999999995 -5.73234286987739
4.61999999999995 -6.01365532760453
4.62999999999995 -6.5635043114821
4.63999999999995 -6.87194165332123
4.64999999999995 -7.03632279016715
4.65999999999995 -7.57531099031123
4.66999999999994 -7.76809847774036
4.67999999999994 -7.8097250099813
4.68999999999994 -8.31875850069323
4.69999999999994 -8.38906654085741
4.70999999999994 -8.30646382783612
4.71999999999994 -8.7675098439325
4.72999999999994 -8.71284773945735
4.73999999999994 -8.50894202346359
4.74999999999994 -8.90566777997313
4.75999999999994 -8.72797196316107
4.76999999999994 -8.4099867058396
4.77999999999994 -8.72833799505325
4.78999999999994 -8.4339034288038
4.79999999999994 -8.01310341642444
4.80999999999994 -8.24180248521015
4.81999999999994 -7.84105966082087
4.82999999999994 -7.3323519436089
4.83999999999994 -7.46329701343867
4.84999999999994 -6.97044244525093
4.85999999999994 -6.39184824770107
4.86999999999994 -6.4204005241945
4.87999999999994 -5.85289383099535
4.88999999999994 -5.22491014100966
4.89999999999994 -5.15005814553745
4.90999999999994 -4.52800353485974
4.91999999999994 -3.87287698773258
4.92999999999994 -3.69727238955124
4.93999999999994 -3.04270645609896
4.94999999999994 -2.38364523637082
4.95999999999994 -2.11350891591731
4.96999999999994 -1.44961998421202
4.97999999999994 -0.809971664161882
4.98999999999994 -0.454873335262741
4.99999999999994 0.194819998312971
5.00999999999994 0.792395558055387
5.01999999999994 1.21987636006726
5.02999999999994 1.83235838527167
5.03999999999994 2.36669177258561
5.04999999999994 2.85141132718153
5.05999999999994 3.40498456292337
5.06999999999994 3.85714675117527
5.07999999999994 4.38193362648032
5.08999999999994 4.85698746490358
5.09999999999994 5.2109603831525
5.10999999999994 5.75722374248036
5.11999999999994 6.13692916452433
5.12999999999994 6.38017314567071
5.13999999999993 6.92856133718165
5.14999999999993 7.19946708897108
5.15999999999993 7.32336509371533
5.16999999999993 7.85445119233016
5.17999999999993 8.00696030254985
5.18999999999993 8.00712318230547
5.19999999999993 8.5020931982117
5.20999999999993 8.53080295559983
5.21999999999993 8.40722494027026
5.22999999999993 8.84854431389081
5.23999999999993 8.75243766097885
5.24999999999993 8.50949656336607
5.25999999999993 8.88153133587385
5.26999999999993 8.66401289875449
5.27999999999993 8.3103150283579
5.28999999999993 8.59988568246166
5.29999999999993 8.26866116021205
5.30999999999993 7.81673644042392
5.31999999999993 8.01358479133872
5.32999999999993 7.5803879777891
5.33999999999993 7.04624606711165
5.34999999999993 7.14339866386908
5.35999999999993 6.62357577210651
5.36999999999993 6.026138914018
5.37999999999993 6.02015407744318
5.38999999999993 5.43212009256221
5.39999999999993 4.79255278560816
5.40999999999993 4.68364253152047
5.41999999999993 4.04822885059552
5.42999999999993 3.38918808547634
5.43999999999993 3.18121061392323
5.44999999999993 2.52092708338187
5.45999999999993 1.8657597077618
5.46999999999993 1.56608272435869
5.47999999999993 0.904320217449806
5.48999999999993 0.276235862239054
5.49999999999993 -0.10452442647525
5.50999999999993 -0.744322643027581
5.51999999999993 -1.32307377641886
5.52999999999993 -1.77142874739141
5.53999999999993 -2.36659750279915
5.54999999999993 -2.87551286693846
5.55999999999993 -3.37557932179851
5.56999999999993 -3.90503446618435
5.57999999999993 -4.32608548058107
5.58999999999993 -4.86014831586074
5.59999999999993 -5.30513363677887
5.60999999999992 -5.62340435933612
5.61999999999992 -6.17254413284253
5.62999999999992 -6.51729580345527
5.63999999999992 -6.72151133515494
5.64999999999992 -7.26627449664205
5.65999999999992 -7.49857951714455
5.66999999999992 -7.58150542096602
5.67999999999992 -8.10259346385052
5.68999999999992 -8.21422231307752
5.69999999999992 -8.17292089753584
5.70999999999992 -8.65187401811392
5.71999999999992 -8.63887218842982
5.72999999999992 -8.47480657676106
5.73999999999992 -8.8946576219577
5.74999999999992 -8.75748570966103
5.75999999999992 -8.47646800795225
5.76999999999992 -8.82234354517773
5.77999999999992 -8.56586093364763
5.78999999999992 -8.17784633408117
5.79999999999992 -8.43749354999557
5.80999999999992 -8.07078626361301
5.81999999999992 -7.58952037682032
5.82999999999992 -7.75374113935467
5.83999999999992 -7.28979996655896
5.84999999999992 -6.73233187651122
5.85999999999992 -6.7953085832817
5.86999999999992 -6.25056887141358
5.87999999999992 -5.63664716312235
5.88999999999992 -5.59614883289505
5.89999999999992 -4.98990825782341
5.90999999999992 -4.34128141387103
5.91999999999992 -4.1987427201844
5.92999999999992 -3.55247765651791
5.93999999999992 -2.89212360621951
5.94999999999992 -2.65259405335902
5.95999999999992 -1.98919876316875
5.96999999999992 -1.3405108779708
5.97999999999992 -1.01247591976221
5.98999999999992 -0.355451511933961
5.99999999999992 0.258590116431859
6.00999999999992 0.663509678054581
6.01999999999992 1.29088778631882
6.02999999999992 1.84853042704173
6.03999999999992 2.31599011473844
6.04999999999992 2.89149674117869
6.05999999999992 3.37298562570245
6.06999999999992 3.8864254469879
6.07999999999991 4.38967298244794
6.08999999999991 4.77795112699558
6.09999999999991 5.31918222022912
6.10999999999991 5.73234286987493
6.11999999999991 6.01365532760264
6.12999999999991 6.56350431147969
6.13999999999991 6.87194165331937
6.14999999999991 7.03632279016591
6.15999999999991 7.57531099030945
6.16999999999991 7.76809847773917
6.17999999999991 7.80972500998073
6.18999999999991 8.31875850069212
6.19999999999991 8.38906654085691
6.20999999999991 8.30646382783625
6.21999999999991 8.76750984393212
6.22999999999991 8.71284773945758
6.23999999999991 8.50894202346441
6.24999999999991 8.90566777997348
6.25999999999991 8.72797196316201
6.26999999999991 8.4099867058411
6.27999999999991 8.72833799505433
6.28999999999991 8.43390342880543
6.29999999999991 8.01310341642655
6.30999999999991 8.24180248521191
6.31999999999991 7.84105966082312
6.32999999999991 7.33235194361155
6.33999999999991 7.46329701344107
6.34999999999991 6.97044244525373
6.35999999999991 6.39184824770417
6.36999999999991 6.42040052419744
6.37999999999991 5.8528938309986
6.38999999999991 5.2249101410131
6.39999999999991 5.15005814554082
6.40999999999991 4.52800353486331
6.41999999999991 3.87287698773623
6.42999999999991 3.69727238955493
6.43999999999991 3.04270645610273
6.44999999999991 2.38364523637455
6.45999999999991 2.11350891592117
6.46999999999991 1.44961998421585
6.47999999999991 0.80997166416555
6.48999999999991 0.454873335266644
6.49999999999991 -0.19481999830921
6.50999999999991 -0.792395558051902
6.51999999999991 -1.21987636006345
6.52999999999991 -1.83235838526811
6.53999999999991 -2.36669177258243
6.5499999999999 -2.85141132717794
6.5599999999999 -3.40498456292013
6.5699999999999 -3.8571467511725
6.5799999999999 -4.38193362647708
6.5899999999999 -4.85698746490078
6.5999999999999 -5.21096038315023
6.6099999999999 -5.75722374247758
6.6199999999999 -6.13692916452206
6.6299999999999 -6.38017314566903
6.6399999999999 -6.92856133717943
6.6499999999999 -7.19946708896943
6.6599999999999 -7.32336509371431
6.6699999999999 -7.85445119232859
6.6799999999999 -8.00696030254889
6.6899999999999 -8.00712318230514
6.6999999999999 -8.50209319821084
6.7099999999999 -8.53080295559958
6.7199999999999 -8.40722494027063
6.7299999999999 -8.84854431389067
6.7399999999999 -8.75243766097933
6.7499999999999 -8.50949656336712
6.7599999999999 -8.88153133587446
6.7699999999999 -8.66401289875567
6.7799999999999 -8.3103150283596
6.7899999999999 -8.59988568246297
6.7999999999999 -8.26866116021389
6.8099999999999 -7.81673644042621
6.8199999999999 -8.0135847913407
6.8299999999999 -7.58038797779153
6.8399999999999 -7.04624606711444
6.8499999999999 -7.14339866387164
6.8599999999999 -6.62357577210944
6.8699999999999 -6.02613891402119
6.8799999999999 -6.02015407744624
6.8899999999999 -5.43212009256555
6.8999999999999 -4.79255278561166
6.9099999999999 -4.68364253152394
6.9199999999999 -4.04822885059916
6.9299999999999 -3.38918808548002
6.9399999999999 -3.18121061392699
6.9499999999999 -2.52092708338568
6.9599999999999 -1.86575970776553
6.9699999999999 -1.56608272436259
6.9799999999999 -0.904320217453653
6.9899999999999 -0.276235862242702
6.9999999999999 0.104524426471334
7.0099999999999 0.744322643023841
7.01999999999989 1.32307377641543
7.02999999999989 1.77142874738763
7.03999999999989 2.36659750279565
7.04999999999989 2.87551286693537
7.05999999999989 3.375579321795
7.06999999999989 3.90503446618123
7.07999999999989 4.32608548057843
7.08999999999989 4.86014831585763
7.09999999999989 5.30513363677622
7.10999999999989 5.62340435933402
7.11999999999989 6.17254413283992
7.12999999999989 6.5172958034532
7.13999999999989 6.72151133515347
7.14999999999989 7.26627449664004
7.15999999999989 7.49857951714312
7.16999999999989 7.58150542096523
7.17999999999989 8.10259346384919
7.18999999999989 8.2142223130768
7.19999999999989 8.17292089753575
7.20999999999989 8.65187401811331
7.21999999999989 8.63887218842983
7.22999999999989 8.47480657676168
7.23999999999989 8.89465762195782
7.24999999999989 8.75748570966175
7.25999999999989 8.47646800795354
7.26999999999989 8.82234354517859
7.27999999999989 8.56586093364905
7.28999999999989 8.17784633408309
7.29999999999989 8.43749354999712
7.30999999999989 8.07078626361507
7.31999999999989 7.5895203768228
7.32999999999989 7.75374113935686
7.33999999999989 7.28979996656159
7.34999999999989 6.73233187651419
7.35999999999989 6.79530858328447
7.36999999999989 6.25056887141669
7.37999999999989 5.63664716312569
7.38999999999989 5.5961488328983
7.39999999999989 4.98990825782689
7.40999999999989 4.34128141387462
7.41999999999989 4.198742720188
7.42999999999989 3.55247765652164
7.43999999999989 2.89212360622324
7.44999999999989 2.65259405336285
7.45999999999989 1.98919876317259
7.46999999999989 1.34051087797452
7.47999999999989 1.01247591976614
7.48999999999988 0.355451511937781
7.49999999999988 -0.25859011642828
7.50999999999988 -0.663509678050709
7.51999999999988 -1.29088778631517
7.52999999999988 -1.84853042703843
7.53999999999988 -2.31599011473476
7.54999999999988 -2.89149674117533
7.55999999999988 -3.37298562569954
7.56999999999988 -3.88642544698454
7.57999999999988 -4.38967298244499
7.58999999999988 -4.77795112699314
7.59999999999988 -5.31918222022619
7.60999999999988 -5.73234286987248
7.61999999999988 -6.01365532760077
7.62999999999988 -6.56350431147728
7.63999999999988 -6.87194165331751
7.64999999999988 -7.03632279016466
7.65999999999988 -7.57531099030765
7.66999999999988 -7.76809847773797
7.67999999999988 -7.80972500998016
7.68999999999988 -8.31875850069102
7.69999999999988 -8.38906654085642
7.70999999999988 -8.30646382783638
7.71999999999988 -8.76750984393174
7.72999999999988 -8.71284773945782
7.73999999999988 -8.50894202346525
7.74999999999988 -8.90566777997384
7.75999999999988 -8.72797196316297
7.76999999999988 -8.4099867058426
7.77999999999988 -8.72833799505542
7.78999999999988 -8.43390342880706
7.79999999999988 -8.01310341642867
7.80999999999988 -8.2418024852137
7.81999999999988 -7.84105966082538
7.82999999999988 -7.33235194361422
7.83999999999988 -7.46329701344348
7.84999999999988 -6.97044244525654
7.85999999999988 -6.39184824770727
7.86999999999988 -6.42040052420038
7.87999999999988 -5.85289383100184
7.88999999999988 -5.22491014101652
7.89999999999988 -5.15005814554418
7.90999999999988 -4.52800353486687
7.91999999999988 -3.87287698773986
7.92999999999988 -3.69727238955859
7.93999999999988 -3.04270645610649
7.94999999999987 -2.38364523637826
7.95999999999987 -2.11350891592502
7.96999999999987 -1.44961998421968
7.97999999999987 -0.809971664169214
7.98999999999987 -0.45487333527055
7.99999999999987 0.194819998305441
8.00999999999987 0.792395558048402
8.01999999999987 1.21987636005962
8.02999999999987 1.83235838526452
8.03999999999987 2.36669177257921
8.04999999999987 2.85141132717431
8.05999999999987 3.40498456291684
8.06999999999987 3.85714675116967
8.07999999999987 4.38193362647379
8.08999999999987 4.85698746489794
8.09999999999987 5.21096038314793
8.10999999999987 5.7572237424748
8.11999999999987 6.1369291645198
8.12999999999987 6.38017314566737
8.13999999999987 6.92856133717721
8.14999999999987 7.19946708896778
8.15999999999987 7.32336509371328
8.16999999999987 7.85445119232702
8.17999999999987 8.00696030254792
8.18999999999987 8.0071231823048
8.19999999999987 8.50209319820999
8.20999999999987 8.53080295559935
8.21999999999987 8.40722494027103
8.22999999999987 8.84854431389053
8.23999999999987 8.75243766097979
8.24999999999987 8.50949656336816
8.25999999999987 8.88153133587504
8.26999999999987 8.66401289875682
8.27999999999987 8.31031502836129
8.28999999999987 8.5998856824643
8.29999999999987 8.26866116021574
8.30999999999987 7.81673644042852
8.31999999999987 8.0135847913427
8.32999999999987 7.58038797779398
8.33999999999987 7.04624606711726
8.34999999999987 7.14339866387422
8.35999999999987 6.6235757721124
8.36999999999987 6.02613891402442
8.37999999999987 6.02015407744933
8.38999999999987 5.43212009256892
8.39999999999987 4.79255278561517
8.40999999999987 4.68364253152742
8.41999999999986 4.04822885060281
8.42999999999986 3.38918808548369
8.43999999999986 3.18121061393073
8.44999999999986 2.52092708338948
8.45999999999986 1.86575970776925
8.46999999999986 1.5660827243665
8.47999999999986 0.904320217457502
8.48999999999986 0.276235862246357
8.49999999999986 -0.104524426467405
8.50999999999986 -0.744322643020091
8.51999999999986 -1.32307377641199
8.52999999999986 -1.77142874738386
8.53999999999986 -2.36659750279218
8.54999999999986 -2.87551286693231
8.55999999999986 -3.3755793217915
8.56999999999986 -3.90503446617811
8.57999999999986 -4.32608548057582
8.58999999999986 -4.86014831585453
8.59999999999986 -5.3051336367736
8.60999999999986 -5.62340435933196
8.61999999999986 -6.17254413283737
8.62999999999986 -6.51729580345118
8.63999999999986 -6.72151133515205
8.64999999999986 -7.26627449663809
8.65999999999986 -7.49857951714175
8.66999999999986 -7.58150542096447
8.67999999999986 -8.10259346384788
8.68999999999986 -8.2142223130761
8.69999999999986 -8.17292089753567
8.70999999999986 -8.65187401811272
8.71999999999986 -8.63887218842985
8.72999999999986 -8.4748065767623
8.73999999999986 -8.89465762195795
8.74999999999986 -8.75748570966247
8.75999999999986 -8.47646800795481
8.76999999999986 -8.82234354517941
8.77999999999986 -8.56586093365044
8.78999999999986 -8.17784633408498
8.79999999999986 -8.43749354999863
8.80999999999986 -8.07078626361707
8.81999999999986 -7.58952037682524
8.82999999999986 -7.75374113935902
8.83999999999986 -7.28979996656417
8.84999999999986 -6.7323318765171
8.85999999999986 -6.79530858328721
8.86999999999986 -6.25056887141978
8.87999999999986 -5.63664716312901
8.88999999999985 -5.59614883290153
8.89999999999985 -4.98990825783037
8.90999999999985 -4.34128141387822
8.91999999999985 -4.1987427201916
8.92999999999985 -3.55247765652537
8.93999999999985 -2.89212360622696
8.94999999999985 -2.65259405336666
8.95999999999985 -1.98919876317641
8.96999999999985 -1.3405108779782
8.97999999999985 -1.01247591977003
8.98999999999985 -0.355451511941568
8.99999999999985 0.258590116424733
9.00999999999985 0.663509678046868
9.01999999999985 1.29088778631154
9.02999999999985 1.84853042703514
9.03999999999985 2.31599011473111
9.04999999999985 2.89149674117199
9.05999999999985 3.37298562569663
9.06999999999985 3.88642544698119
9.07999999999985 4.38967298244204
9.08999999999985 4.7779511269907
9.09999999999985 5.31918222022325
9.10999999999985 5.73234286987003
9.11999999999985 6.01365532759889
9.12999999999985 6.56350431147484
9.13999999999985 6.87194165331561
9.14999999999985 7.03632279016337
9.15999999999985 7.57531099030582
9.16999999999985 7.76809847773673
9.17999999999985 7.80972500997955
9.18999999999985 8.31875850068987
9.19999999999985 8.3890665408559
9.20999999999985 8.3064638278365
9.21999999999985 8.76750984393132
9.22999999999985 8.71284773945802
9.23999999999985 8.50894202346606
9.24999999999985 8.90566777997419
9.25999999999985 8.72797196316392
9.26999999999985 8.4099867058441
9.27999999999985 8.72833799505653
9.28999999999985 8.43390342880873
9.29999999999985 8.01310341643083
9.30999999999985 8.24180248521548
9.31999999999985 7.84105966082765
9.32999999999985 7.33235194361687
9.33999999999985 7.46329701344586
9.34999999999985 6.97044244525932
9.35999999999984 6.39184824771035
9.36999999999984 6.4204005242033
9.37999999999984 5.85289383100508
9.38999999999984 5.22491014101994
9.39999999999984 5.15005814554755
9.40999999999984 4.52800353487044
9.41999999999984 3.8728769877435
9.42999999999984 3.69727238956227
9.43999999999984 3.04270645611026
9.44999999999984 2.38364523638199
9.45999999999984 2.1135089159289
9.46999999999984 1.44961998422353
9.47999999999984 0.809971664172911
9.48999999999984 0.454873335274486
9.49999999999984 -0.19481999830165
9.50999999999984 -0.79239555804489
9.51999999999984 -1.21987636005579
9.52999999999984 -1.83235838526094
9.53999999999984 -2.36669177257601
9.54999999999984 -2.8514113271707
9.55999999999984 -3.40498456291359
9.56999999999984 -3.85714675116688
9.57999999999984 -4.38193362647053
9.58999999999984 -4.85698746489511
9.59999999999984 -5.21096038314565
9.60999999999984 -5.75722374247201
9.61999999999984 -6.13692916451752
9.62999999999984 -6.38017314566568
9.63999999999984 -6.92856133717499
9.64999999999984 -7.19946708896613
9.65999999999984 -7.32336509371225
9.66999999999984 -7.85445119232546
9.67999999999984 -8.00696030254696
9.68999999999984 -8.00712318230447
9.69999999999984 -8.50209319820913
9.70999999999984 -8.53080295559911
9.71999999999984 -8.4072249402714
9.72999999999984 -8.8485443138904
9.73999999999984 -8.75243766098027
9.74999999999984 -8.50949656336923
9.75999999999984 -8.88153133587564
9.76999999999984 -8.66401289875801
9.77999999999984 -8.31031502836301
9.78999999999984 -8.59988568246562
9.79999999999984 -8.26866116021759
9.80999999999984 -7.81673644043082
9.81999999999984 -8.01358479134469
9.82999999999983 -7.58038797779643
9.83999999999983 -7.04624606712008
9.84999999999983 -7.14339866387682
9.85999999999983 -6.62357577211537
9.86999999999983 -6.02613891402765
9.87999999999983 -6.02015407745244
9.88999999999983 -5.4321200925723
9.89999999999983 -4.7925527856187
9.90999999999983 -4.65655807807666
9.91999999999983 -3.99942574217358
9.92999999999983 -3.31768232502127
9.93999999999983 -3.14141059851929
9.94999999999983 -2.50383480838898
9.95999999999983 -1.87635076979789
