0
0.01
True
0 0
0.01 0.314107590781283
0.02 0.627905195293134
0.03 0.941083133185143
0.04 1.25333233564304
0.05 1.56434465040231
0.06 1.87381314585725
0.07 2.18143241396543
0.08 2.48689887164855
0.09 2.78991106039229
0.1 3.09016994374947
0.11 3.38737920245291
0.12 3.68124552684678
0.13 3.97147890634781
0.14 4.25779291565073
0.15 4.53990499739547
0.16 4.81753674101715
0.17 5.09041415750371
0.18 5.35826794978997
0.19 5.62083377852131
0.2 5.87785252292473
0.21 6.12907053652977
0.22 6.3742398974869
0.23 6.61311865323652
0.24 6.84547105928689
0.25 7.07106781186548
0.26 7.28968627421412
0.27 7.5011106963046
0.28 7.70513242775789
0.29 7.90155012375691
0.3 8.09016994374948
0.31 8.27080574274562
0.32 8.44327925502015
0.33 8.60742027003944
0.34 8.76306680043864
0.35 8.91006524188368
0.36 9.0482705246602
0.37 9.17754625683981
0.38 9.29776485888252
0.39 9.40880768954226
0.4 9.51056516295154
0.41 9.60293685676943
0.42 9.68583161128631
0.43 9.75916761938748
0.44 9.82287250728689
0.45 9.87688340595138
0.46 9.92114701314478
0.47 9.9556196460308
0.48 9.98026728428272
0.49 9.99506560365732
0.5 10
0.51 9.99506560365731
0.52 9.98026728428272
0.53 9.9556196460308
0.54 9.92114701314478
0.55 9.87688340595138
0.56 9.82287250728688
0.57 9.75916761938747
0.58 9.68583161128631
0.59 9.60293685676943
0.6 9.51056516295153
0.61 9.40880768954225
0.62 9.29776485888251
0.63 9.17754625683981
0.64 9.04827052466019
0.65 8.91006524188367
0.66 8.76306680043863
0.67 8.60742027003943
0.68 8.44327925502014
0.69 8.27080574274561
0.7 8.09016994374947
0.71 7.9015501237569
0.72 7.70513242775788
0.73 7.50111069630459
0.74 7.28968627421411
0.75 7.07106781186547
0.76 6.84547105928688
0.77 6.61311865323651
0.78 6.37423989748689
0.79 6.12907053652975
0.8 5.87785252292472
0.81 5.62083377852129
0.82 5.35826794978996
0.83 5.0904141575037
0.84 4.81753674101714
0.85 4.53990499739545
0.86 4.25779291565071
0.87 3.97147890634779
0.88 3.68124552684677
0.89 3.3873792024529
0.9 3.09016994374946
0.91 2.78991106039227
0.92 2.48689887164853
0.93 2.18143241396541
0.94 1.87381314585723
0.95 1.56434465040229
0.96 1.25333233564302
0.97 0.941083133185126
0.98 0.627905195293114
0.99 0.314107590781265
