0
0.01
True
0 0
0.01 0.20942419883357
0.02 0.418756537291996
0.03 0.627905195293134
0.04 0.836778433323155
0.05 1.04528463267653
0.06 1.25333233564304
0.07 1.46083028562412
0.08 1.66768746716102
0.09 1.87381314585725
0.1 2.07911690817759
0.11 2.28350870110656
0.12 2.48689887164855
0.13 2.68919820615266
0.14 2.89031796944472
0.15 3.09016994374947
0.16 3.28866646738583
0.17 3.48572047321815
0.18 3.68124552684678
0.19 3.87515586452103
0.2 4.067366430758
0.21 4.25779291565073
0.22 4.44635179184928
0.23 4.63296035119862
0.24 4.81753674101715
0.25 5
0.26 5.1802700937313
0.27 5.35826794978997
0.28 5.53391549243344
0.29 5.70713567684432
0.3 5.87785252292473
0.31 6.04599114862375
0.32 6.21147780278311
0.33 6.3742398974869
0.34 6.53420603990106
0.35 6.69130606358858
0.36 6.84547105928689
0.37 6.99663340513366
0.38 7.14472679632804
0.39 7.28968627421412
0.4 7.43144825477394
0.41 7.56995055651757
0.42 7.70513242775789
0.43 7.8369345732584
0.44 7.96529918024197
0.45 8.09016994374948
0.46 8.21149209133704
0.47 8.329212407101
0.48 8.44327925502015
0.49 8.55364260160507
0.5 8.66025403784439
0.51 8.76306680043864
0.52 8.86203579231215
0.53 8.95711760239413
0.54 9.0482705246602
0.55 9.13545457642601
0.56 9.21863151588501
0.57 9.29776485888252
0.58 9.37281989491892
0.59 9.44376370237481
0.6 9.51056516295154
0.61 9.57319497532067
0.62 9.63162566797658
0.63 9.68583161128631
0.64 9.7357890287316
0.65 9.78147600733806
0.66 9.82287250728689
0.67 9.85996037070505
0.68 9.89272332962988
0.69 9.92114701314478
0.7 9.94521895368273
0.71 9.96492859249504
0.72 9.98026728428272
0.73 9.99122830098858
0.74 9.99780683474846
0.75 10
0.76 9.99780683474846
0.77 9.99122830098858
0.78 9.98026728428272
0.79 9.96492859249504
0.8 9.94521895368273
0.81 9.92114701314478
0.82 9.89272332962988
0.83 9.85996037070505
0.84 9.82287250728688
0.85 9.78147600733806
0.86 9.7357890287316
0.87 9.68583161128631
0.88 9.63162566797658
0.89 9.57319497532067
0.9 9.51056516295153
0.91 9.44376370237481
0.92 9.37281989491891
0.93 9.29776485888251
0.94 9.218631515885
0.95 9.135454576426
0.96 9.04827052466019
0.97 8.95711760239412
0.98 8.86203579231214
0.99 8.76306680043863
1 8.66025403784438
1.01 8.55364260160506
1.02 8.44327925502014
1.03 8.32921240710099
1.04 8.21149209133703
1.05 8.09016994374947
1.06 7.96529918024195
1.07 7.83693457325839
1.08 7.70513242775788
1.09 7.56995055651756
1.1 7.43144825477393
1.11 7.28968627421411
1.12 7.14472679632802
1.13 6.99663340513364
1.14 6.84547105928688
1.15 6.69130606358857
1.16 6.53420603990104
1.17 6.37423989748689
1.18 6.21147780278309
1.19 6.04599114862373
1.2 5.87785252292472
1.21 5.7071356768443
1.22 5.53391549243343
1.23 5.35826794978996
1.24 5.18027009373129
1.25 4.99999999999999
1.26 4.81753674101714
1.27 4.6329603511986
1.28 4.44635179184926
1.29 4.25779291565071
1.3 4.06736643075799
1.31 3.87515586452102
1.32 3.68124552684677
1.33 3.48572047321814
1.34 3.28866646738582
1.35 3.09016994374946
1.36 2.8903179694447
1.37 2.68919820615264
1.38 2.48689887164853
1.39 2.28350870110654
1.4 2.07911690817758
1.41 1.87381314585723
1.42 1.667687467161
1.43 1.4608302856241
1.44 1.25333233564302
1.45 1.04528463267652
1.46 0.836778433323135
1.47 0.627905195293114
1.48 0.418756537291976
1.49 0.209424198833549
1.5 -2.09798541386808E-14
1.51 -0.209424198833591
1.52 -0.418756537292018
1.53 -0.627905195293156
1.54 -0.836778433323177
1.55 -1.04528463267656
1.56 -1.25333233564307
1.57 -1.46083028562414
1.58 -1.66768746716105
1.59 -1.87381314585727
1.6 -2.07911690817761
1.61 -2.28350870110658
1.62 -2.48689887164857
1.63 -2.68919820615268
1.64 -2.89031796944474
1.65 -3.09016994374949
1.66 -3.28866646738585
1.67 -3.48572047321817
1.68 -3.6812455268468
1.69 -3.87515586452105
1.7 -4.06736643075802
1.71 -4.25779291565075
1.72 -4.4463517918493
1.73 -4.63296035119864
1.74 -4.81753674101717
1.75 -5.00000000000002
1.76 -5.18027009373132
1.77 -5.35826794978999
1.78 -5.53391549243346
1.79 -5.70713567684434
1.8 -5.87785252292475
1.81 -6.04599114862377
1.82 -6.21147780278312
1.83 -6.37423989748692
1.84 -6.53420603990107
1.85 -6.6913060635886
1.86 -6.84547105928691
1.87 -6.99663340513367
1.88 -7.14472679632805
1.89 -7.28968627421413
1.9 -7.43144825477396
1.91 -7.56995055651758
1.92 -7.70513242775791
1.93 -7.83693457325841
1.94 -7.96529918024198
1.95 -8.09016994374949
1.96 -8.21149209133706
1.97 -8.32921240710101
1.98 -8.44327925502017
1.99 -8.55364260160508
2 -8.6602540378444
2.01 -8.76306680043865
2.02 -8.86203579231215
2.03 -8.95711760239413
2.04 -9.0482705246602
2.05 -9.13545457642601
2.06 -9.218631515885
2.07 -9.29776485888251
2.08 -9.37281989491891
2.09 -9.44376370237481
2.1 -9.51056516295153
2.11 -9.57319497532067
2.12 -9.63162566797658
2.13 -9.6858316112863
2.14 -9.73578902873159
2.15 -9.78147600733805
2.16 -9.82287250728688
2.17 -9.85996037070504
2.18 -9.89272332962987
2.19 -9.92114701314477
2.2 -9.94521895368273
2.21 -9.96492859249504
2.22 -9.98026728428271
2.23 -9.99122830098858
2.24 -9.99780683474845
2.25 -10
2.26 -9.99780683474846
2.27 -9.99122830098859
2.28 -9.98026728428272
2.29 -9.96492859249505
2.3 -9.94521895368275
2.31 -9.92114701314479
2.32 -9.8927233296299
2.33 -9.85996037070507
2.34 -9.82287250728691
2.35 -9.78147600733808
2.36 -9.73578902873163
2.37 -9.68583161128635
2.38 -9.63162566797662
2.39 -9.57319497532072
2.4 -9.51056516295158
2.41 -9.44376370237486
2.42 -9.37281989491897
2.43 -9.29776485888257
2.44 -9.21863151588507
2.45 -9.13545457642608
2.46 -9.04827052466027
2.47 -8.95711760239421
2.48 -8.86203579231224
2.49 -8.76306680043873
2.5 -8.66025403784449
2.51 -8.55364260160517
2.52 -8.44327925502026
2.53 -8.32921240710111
2.54 -8.21149209133717
2.55 -8.09016994374961
2.56 -7.9652991802421
2.57 -7.83693457325854
2.58 -7.70513242775804
2.59 -7.56995055651772
2.6 -7.43144825477411
2.61 -7.28968627421429
2.62 -7.14472679632821
2.63 -6.99663340513384
2.64 -6.84547105928708
2.65 -6.69130606358878
2.66 -6.53420603990126
2.67 -6.37423989748711
2.68 -6.21147780278332
2.69 -6.04599114862397
2.7 -5.87785252292496
2.71 -5.70713567684456
2.72 -5.53391549243369
2.73 -5.35826794979023
2.74 -5.18027009373157
2.75 -5.00000000000027
2.76 -4.81753674101743
2.77 -4.63296035119891
2.78 -4.44635179184957
2.79 -4.25779291565103
2.8 -4.06736643075831
2.81 -3.87515586452134
2.82 -3.6812455268471
2.83 -3.48572047321848
2.84 -3.28866646738617
2.85 -3.09016994374981
2.86 -2.89031796944506
2.87 -2.68919820615301
2.88 -2.48689887164891
2.89 -2.28350870110692
2.9 -2.07911690817796
2.91 -1.87381314585762
2.92 -1.6676874671614
2.93 -1.4608302856245
2.94 -1.25333233564343
2.95 -1.04528463267693
2.96 -0.836778433323557
2.97 -0.627905195293549
2.98 -0.418756537292416
2.99 -0.209424198833994
3 -4.28774854163705E-13
3.01 0.209424198833137
3.02 0.41875653729156
3.03 0.627905195292693
3.04 0.836778433322711
3.05 1.04528463267609
3.06 1.25333233564259
3.07 1.46083028562366
3.08 1.66768746716057
3.09 1.87381314585679
3.1 2.07911690817713
3.11 2.2835087011061
3.12 2.48689887164808
3.13 2.68919820615219
3.14 2.89031796944425
3.15 3.09016994374901
3.16 3.28866646738537
3.17 3.48572047321768
3.18 3.68124552684631
3.19 3.87515586452056
3.2 4.06736643075753
3.21 4.25779291565026
3.22 4.44635179184881
3.23 4.63296035119815
3.24 4.81753674101668
3.25 4.99999999999953
3.26 5.18027009373084
3.27 5.3582679497895
3.28 5.53391549243298
3.29 5.70713567684386
3.3 5.87785252292428
3.31 6.0459911486233
3.32 6.21147780278266
3.33 6.37423989748645
3.34 6.53420603990062
3.35 6.69130606358815
3.36 6.84547105928646
3.37 6.99663340513323
3.38 7.14472679632762
3.39 7.2896862742137
3.4 7.43144825477354
3.41 7.56995055651717
3.42 7.7051324277575
3.43 7.83693457325802
3.44 7.96529918024159
3.45 8.09016994374911
3.46 8.21149209133668
3.47 8.32921240710064
3.48 8.44327925501981
3.49 8.55364260160473
3.5 8.66025403784406
3.51 8.76306680043832
3.52 8.86203579231184
3.53 8.95711760239383
3.54 9.04827052465991
3.55 9.13545457642573
3.56 9.21863151588474
3.57 9.29776485888226
3.58 9.37281989491868
3.59 9.44376370237458
3.6 9.51056516295132
3.61 9.57319497532047
3.62 9.63162566797639
3.63 9.68583161128613
3.64 9.73578902873144
3.65 9.78147600733791
3.66 9.82287250728675
3.67 9.85996037070493
3.68 9.89272332962978
3.69 9.92114701314469
3.7 9.94521895368266
3.71 9.96492859249498
3.72 9.98026728428267
3.73 9.99122830098855
3.74 9.99780683474844
3.75 10
3.76 9.99780683474847
3.77 9.99122830098862
3.78 9.98026728428276
3.79 9.96492859249511
3.8 9.94521895368282
3.81 9.92114701314488
3.82 9.89272332963
3.83 9.85996037070518
3.84 9.82287250728704
3.85 9.78147600733822
3.86 9.73578902873179
3.87 9.68583161128651
3.88 9.6316256679768
3.89 9.57319497532091
3.9 9.5105651629518
3.91 9.44376370237508
3.92 9.37281989491921
3.93 9.29776485888283
3.94 9.21863151588534
3.95 9.13545457642635
3.96 9.04827052466056
3.97 8.95711760239451
3.98 8.86203579231255
3.99 8.76306680043905
4 8.66025403784483
4.01 8.55364260160552
4.02 8.44327925502062
4.03 8.32921240710148
4.04 8.21149209133754
4.05 8.09016994375
4.06 7.9652991802425
4.07 7.83693457325896
4.08 7.70513242775846
4.09 7.56995055651816
4.1 7.43144825477455
4.11 7.28968627421474
4.12 7.14472679632867
4.13 6.99663340513431
4.14 6.84547105928756
4.15 6.69130606358928
4.16 6.53420603990176
4.17 6.37423989748762
4.18 6.21147780278385
4.19 6.04599114862451
4.2 5.87785252292551
4.21 5.7071356768451
4.22 5.53391549243425
4.23 5.35826794979078
4.24 5.18027009373214
4.25 5.00000000000084
4.26 4.81753674101802
4.27 4.63296035119949
4.28 4.44635179185017
4.29 4.25779291565162
4.3 4.06736643075892
4.31 3.87515586452195
4.32 3.68124552684772
4.33 3.4857204732191
4.34 3.2886664673868
4.35 3.09016994375044
4.36 2.8903179694457
4.37 2.68919820615364
4.38 2.48689887164955
4.39 2.28350870110756
4.4 2.07911690817862
4.41 1.87381314585827
4.42 1.66768746716206
4.43 1.46083028562515
4.44 1.2533323356441
4.45 1.0452846326776
4.46 0.836778433324222
4.47 0.627905195294215
4.48 0.418756537293074
4.49 0.209424198834661
4.5 1.08725149109562E-12
4.51 -0.20942419883247
4.52 -0.418756537290902
4.53 -0.627905195292027
4.54 -0.836778433322055
4.55 -1.04528463267542
4.56 -1.25333233564194
4.57 -1.460830285623
4.58 -1.66768746715992
4.59 -1.87381314585613
4.6 -2.07911690817649
4.61 -2.28350870110545
4.62 -2.48689887164745
4.63 -2.68919820615155
4.64 -2.89031796944362
4.65 -3.09016994374837
4.66 -3.28866646738474
4.67 -3.48572047321706
4.68 -3.6812455268457
4.69 -3.87515586451995
4.7 -4.06736643075693
4.71 -4.25779291564966
4.72 -4.4463517918482
4.73 -4.63296035119756
4.74 -4.8175367410161
4.75 -4.99999999999896
4.76 -5.18027009373026
4.77 -5.35826794978895
4.78 -5.53391549243242
4.79 -5.70713567684332
4.8 -5.87785252292374
4.81 -6.04599114862277
4.82 -6.21147780278213
4.83 -6.37423989748595
4.84 -6.53420603990011
4.85 -6.69130606358766
4.86 -6.84547105928597
4.87 -6.99663340513276
4.88 -7.14472679632715
4.89 -7.28968627421325
4.9 -7.43144825477309
4.91 -7.56995055651674
4.92 -7.70513242775708
4.93 -7.83693457325761
4.94 -7.96529918024118
4.95 -8.09016994374872
4.96 -8.2114920913363
4.97 -8.32921240710028
4.98 -8.44327925501945
4.99 -8.55364260160438
5 -8.66025403784373
