0
0.01
True
0 0
0.01 0.125660398833526
0.02 0.251300954433375
0.03 0.376901826699345
0.04 0.502443181797696
0.05 0.627905195293134
0.06 0.753268055279327
0.07 0.878511965507432
0.08 1.00361714851215
0.09 1.12856384873482
0.1 1.25333233564304
0.11 1.37790290684638
0.12 1.50225589120757
0.13 1.62637165194884
0.14 1.75023058975276
0.15 1.87381314585725
0.16 1.99709980514407
0.17 2.12007109922055
0.18 2.24270760949381
0.19 2.36498997023725
0.2 2.48689887164855
0.21 2.60841506289897
0.22 2.72951935517325
0.23 2.85019262469976
0.24 2.97041581577035
0.25 3.09016994374947
0.26 3.2094360980721
0.27 3.32819544522987
0.28 3.44642923174517
0.29 3.56411878713251
0.3 3.68124552684678
0.31 3.79779095521801
0.32 3.91373666837203
0.33 4.02906435713663
0.34 4.14375580993284
0.35 4.25779291565073
0.36 4.37115766650933
0.37 4.48383216090032
0.38 4.59579860621488
0.39 4.70703932165333
0.4 4.81753674101715
0.41 4.92727341548292
0.42 5.03623201635761
0.43 5.14439533781507
0.44 5.25174629961296
0.45 5.35826794978997
0.46 5.46394346734269
0.47 5.56875616488188
0.48 5.67268949126757
0.49 5.77572703422268
0.5 5.87785252292473
0.51 5.97904983057519
0.52 6.07930297694606
0.53 6.17859613090335
0.54 6.27691361290701
0.55 6.3742398974869
0.56 6.47055961569445
0.57 6.56585755752957
0.58 6.66011867434252
0.59 6.75332808121025
0.6 6.84547105928689
0.61 6.93653305812805
0.62 7.02649969798849
0.63 7.11535677209286
0.64 7.20309024887907
0.65 7.28968627421412
0.66 7.37513117358174
0.67 7.45941145424182
0.68 7.54251380736104
0.69 7.62442511011448
0.7 7.70513242775789
0.71 7.78462301567024
0.72 7.86288432136619
0.73 7.93990398647836
0.74 8.01566984870877
0.75 8.09016994374948
0.76 8.16339250717184
0.77 8.23532597628428
0.78 8.30595899195813
0.79 8.37528040042142
0.8 8.44327925502015
0.81 8.50994481794692
0.82 8.57526656193653
0.83 8.63923417192836
0.84 8.70183754669526
0.85 8.76306680043864
0.86 8.82291226434954
0.87 8.88136448813545
0.88 8.93841424151264
0.89 8.99405251566371
0.9 9.0482705246602
0.91 9.10105970684996
0.92 9.15241172620918
0.93 9.20231847365871
0.94 9.25077206834458
0.95 9.29776485888252
0.96 9.34328942456612
0.97 9.38733857653874
0.98 9.42990535892865
0.99 9.47098304994745
1 9.51056516295154
1.01 9.54864544746643
1.02 9.58521789017376
1.03 9.62027671586086
1.04 9.65381638833274
1.05 9.68583161128631
1.06 9.71631732914674
1.07 9.74526872786577
1.08 9.77268123568194
1.09 9.79855052384247
1.1 9.82287250728689
1.11 9.84564334529206
1.12 9.86685944207868
1.13 9.88651744737914
1.14 9.90461425696651
1.15 9.92114701314478
1.16 9.93611310520009
1.17 9.949510169813
1.18 9.96133609143173
1.19 9.97158900260614
1.2 9.98026728428272
1.21 9.98736956606018
1.22 9.99289472640589
1.23 9.996841892833
1.24 9.99921044203816
1.25 10
1.26 9.99921044203816
1.27 9.996841892833
1.28 9.99289472640589
1.29 9.98736956606017
1.3 9.98026728428271
1.31 9.97158900260614
1.32 9.96133609143172
1.33 9.949510169813
1.34 9.93611310520008
1.35 9.92114701314478
1.36 9.90461425696651
1.37 9.88651744737914
1.38 9.86685944207868
1.39 9.84564334529205
1.4 9.82287250728688
1.41 9.79855052384247
1.42 9.77268123568193
1.43 9.74526872786577
1.44 9.71631732914674
1.45 9.68583161128631
1.46 9.65381638833274
1.47 9.62027671586086
1.48 9.58521789017376
1.49 9.54864544746643
1.5 9.51056516295153
1.51 9.47098304994744
1.52 9.42990535892864
1.53 9.38733857653874
1.54 9.34328942456612
1.55 9.29776485888251
1.56 9.25077206834457
1.57 9.2023184736587
1.58 9.15241172620917
1.59 9.10105970684995
1.6 9.04827052466019
1.61 8.9940525156637
1.62 8.93841424151263
1.63 8.88136448813544
1.64 8.82291226434953
1.65 8.76306680043863
1.66 8.70183754669525
1.67 8.63923417192835
1.68 8.57526656193652
1.69 8.50994481794691
1.7 8.44327925502014
1.71 8.37528040042141
1.72 8.30595899195812
1.73 8.23532597628427
1.74 8.16339250717183
1.75 8.09016994374946
1.76 8.01566984870876
1.77 7.93990398647835
1.78 7.86288432136618
1.79 7.78462301567022
1.8 7.70513242775788
1.81 7.62442511011447
1.82 7.54251380736103
1.83 7.45941145424181
1.84 7.37513117358173
1.85 7.2896862742141
1.86 7.20309024887906
1.87 7.11535677209284
1.88 7.02649969798848
1.89 6.93653305812804
1.9 6.84547105928687
1.91 6.75332808121023
1.92 6.6601186743425
1.93 6.56585755752955
1.94 6.47055961569443
1.95 6.37423989748689
1.96 6.27691361290699
1.97 6.17859613090333
1.98 6.07930297694604
1.99 5.97904983057517
2 5.87785252292472
2.01 5.77572703422267
2.02 5.67268949126756
2.03 5.56875616488187
2.04 5.46394346734269
2.05 5.35826794978996
2.06 5.25174629961296
2.07 5.14439533781507
2.08 5.03623201635761
2.09 4.92727341548292
2.1 4.81753674101716
2.11 4.70703932165334
2.12 4.59579860621489
2.13 4.48383216090034
2.14 4.37115766650935
2.15 4.25779291565075
2.16 4.14375580993287
2.17 4.02906435713666
2.18 3.91373666837205
2.19 3.79779095521804
2.2 3.68124552684681
2.21 3.56411878713255
2.22 3.44642923174521
2.23 3.32819544522991
2.24 3.20943609807214
2.25 3.09016994374952
2.26 2.9704158157704
2.27 2.85019262469982
2.28 2.72951935517331
2.29 2.60841506289903
2.3 2.48689887164861
2.31 2.36498997023731
2.32 2.24270760949388
2.33 2.12007109922062
2.34 1.99709980514414
2.35 1.87381314585732
2.36 1.75023058975284
2.37 1.62637165194892
2.38 1.50225589120765
2.39 1.37790290684647
2.4 1.25333233564313
2.41 1.12856384873491
2.42 1.00361714851225
2.43 0.878511965507529
2.44 0.753268055279428
2.45 0.627905195293238
2.46 0.502443181797803
2.47 0.376901826699456
2.48 0.251300954433489
2.49 0.125660398833644
2.5 1.16687800914839E-13
2.51 -0.125660398833406
2.52 -0.251300954433251
2.53 -0.376901826699219
2.54 -0.502443181797566
2.55 -0.627905195293
2.56 -0.753268055279195
2.57 -0.878511965507296
2.58 -1.00361714851201
2.59 -1.12856384873468
2.6 -1.2533323356429
2.61 -1.37790290684623
2.62 -1.50225589120742
2.63 -1.62637165194869
2.64 -1.75023058975261
2.65 -1.87381314585709
2.66 -1.99709980514391
2.67 -2.12007109922039
2.68 -2.24270760949365
2.69 -2.36498997023708
2.7 -2.48689887164838
2.71 -2.6084150628988
2.72 -2.72951935517308
2.73 -2.85019262469959
2.74 -2.97041581577017
2.75 -3.0901699437493
2.76 -3.20943609807192
2.77 -3.32819544522969
2.78 -3.44642923174499
2.79 -3.56411878713232
2.8 -3.68124552684659
2.81 -3.79779095521782
2.82 -3.91373666837184
2.83 -4.02906435713644
2.84 -4.14375580993265
2.85 -4.25779291565053
2.86 -4.37115766650913
2.87 -4.48383216090013
2.88 -4.59579860621468
2.89 -4.70703932165313
2.9 -4.81753674101696
2.91 -4.92727341548272
2.92 -5.03623201635741
2.93 -5.14439533781486
2.94 -5.25174629961276
2.95 -5.35826794978977
2.96 -5.46394346734249
2.97 -5.56875616488168
2.98 -5.67268949126736
2.99 -5.77572703422247
3 -5.87785252292452
3.01 -5.97904983057498
3.02 -6.07930297694585
3.03 -6.17859613090314
3.04 -6.2769136129068
3.05 -6.37423989748669
3.06 -6.47055961569424
3.07 -6.56585755752936
3.08 -6.66011867434231
3.09 -6.75332808121004
3.1 -6.84547105928668
3.11 -6.93653305812785
3.12 -7.02649969798829
3.13 -7.11535677209265
3.14 -7.20309024887887
3.15 -7.28968627421392
3.16 -7.37513117358154
3.17 -7.45941145424162
3.18 -7.54251380736084
3.19 -7.62442511011428
3.2 -7.70513242775769
3.21 -7.78462301567004
3.22 -7.86288432136599
3.23 -7.93990398647816
3.24 -8.01566984870858
3.25 -8.09016994374929
3.26 -8.16339250717166
3.27 -8.23532597628409
3.28 -8.30595899195794
3.29 -8.37528040042123
3.3 -8.44327925501997
3.31 -8.50994481794674
3.32 -8.57526656193635
3.33 -8.63923417192818
3.34 -8.70183754669509
3.35 -8.76306680043847
3.36 -8.82291226434937
3.37 -8.88136448813528
3.38 -8.93841424151248
3.39 -8.99405251566355
3.4 -9.04827052466004
3.41 -9.1010597068498
3.42 -9.15241172620903
3.43 -9.20231847365856
3.44 -9.25077206834444
3.45 -9.29776485888238
3.46 -9.34328942456599
3.47 -9.38733857653861
3.48 -9.42990535892852
3.49 -9.47098304994732
3.5 -9.51056516295142
3.51 -9.54864544746631
3.52 -9.58521789017365
3.53 -9.62027671586075
3.54 -9.65381638833264
3.55 -9.68583161128621
3.56 -9.71631732914664
3.57 -9.74526872786568
3.58 -9.77268123568185
3.59 -9.79855052384239
3.6 -9.82287250728681
3.61 -9.84564334529198
3.62 -9.86685944207861
3.63 -9.88651744737908
3.64 -9.90461425696645
3.65 -9.92114701314472
3.66 -9.93611310520004
3.67 -9.94951016981296
3.68 -9.96133609143169
3.69 -9.97158900260611
3.7 -9.98026728428269
3.71 -9.98736956606015
3.72 -9.99289472640588
3.73 -9.99684189283299
3.74 -9.99921044203816
3.75 -10
3.76 -9.99921044203817
3.77 -9.99684189283301
3.78 -9.99289472640591
3.79 -9.9873695660602
3.8 -9.98026728428274
3.81 -9.97158900260617
3.82 -9.96133609143177
3.83 -9.94951016981305
3.84 -9.93611310520014
3.85 -9.92114701314484
3.86 -9.90461425696658
3.87 -9.88651744737921
3.88 -9.86685944207876
3.89 -9.84564334529214
3.9 -9.82287250728698
3.91 -9.79855052384257
3.92 -9.77268123568204
3.93 -9.74526872786588
3.94 -9.71631732914686
3.95 -9.68583161128644
3.96 -9.65381638833287
3.97 -9.620276715861
3.98 -9.58521789017391
3.99 -9.54864544746658
4 -9.51056516295169
4.01 -9.47098304994761
4.02 -9.42990535892882
4.03 -9.38733857653892
4.04 -9.34328942456631
4.05 -9.29776485888271
4.06 -9.25077206834478
4.07 -9.20231847365891
4.08 -9.15241172620939
4.09 -9.10105970685018
4.1 -9.04827052466043
4.11 -8.99405251566395
4.12 -8.93841424151288
4.13 -8.8813644881357
4.14 -8.82291226434979
4.15 -8.7630668004389
4.16 -8.70183754669553
4.17 -8.63923417192864
4.18 -8.57526656193681
4.19 -8.50994481794722
4.2 -8.44327925502046
4.21 -8.37528040042173
4.22 -8.30595899195844
4.23 -8.2353259762846
4.24 -8.16339250717217
4.25 -8.09016994374982
4.26 -8.01566984870912
4.27 -7.93990398647871
4.28 -7.86288432136656
4.29 -7.78462301567061
4.3 -7.70513242775827
4.31 -7.62442511011487
4.32 -7.54251380736143
4.33 -7.45941145424223
4.34 -7.37513117358215
4.35 -7.28968627421454
4.36 -7.20309024887949
4.37 -7.11535677209328
4.38 -7.02649969798893
4.39 -6.93653305812849
4.4 -6.84547105928734
4.41 -6.75332808121071
4.42 -6.66011867434299
4.43 -6.56585755753004
4.44 -6.47055961569492
4.45 -6.37423989748739
4.46 -6.2769136129075
4.47 -6.17859613090385
4.48 -6.07930297694657
4.49 -5.9790498305757
4.5 -5.87785252292526
4.51 -5.77572703422321
4.52 -5.67268949126811
4.53 -5.56875616488242
4.54 -5.46394346734325
4.55 -5.35826794979053
4.56 -5.25174629961352
4.57 -5.14439533781564
4.58 -5.03623201635819
4.59 -4.9272734154835
4.6 -4.81753674101774
4.61 -4.70703932165393
4.62 -4.59579860621548
4.63 -4.48383216090093
4.64 -4.37115766650995
4.65 -4.25779291565135
4.66 -4.14375580993347
4.67 -4.02906435713726
4.68 -3.91373666837266
4.69 -3.79779095521866
4.7 -3.68124552684743
4.71 -3.56411878713317
4.72 -3.44642923174583
4.73 -3.32819544523054
4.74 -3.20943609807277
4.75 -3.09016994375015
4.76 -2.97041581577104
4.77 -2.85019262470045
4.78 -2.72951935517395
4.79 -2.60841506289967
4.8 -2.48689887164926
4.81 -2.36498997023796
4.82 -2.24270760949453
4.83 -2.12007109922127
4.84 -1.99709980514479
4.85 -1.87381314585798
4.86 -1.75023058975349
4.87 -1.62637165194957
4.88 -1.50225589120831
4.89 -1.37790290684712
4.9 -1.2533323356438
4.91 -1.12856384873557
4.92 -1.00361714851291
4.93 -0.878511965508194
4.94 -0.753268055280089
4.95 -0.627905195293904
4.96 -0.502443181798465
4.97 -0.376901826700123
4.98 -0.251300954434152
4.99 -0.125660398834311
5 -7.84046222043755E-13
5.01 0.125660398832743
5.02 0.251300954432584
5.03 0.376901826698556
5.04 0.502443181796899
5.05 0.627905195292339
5.06 0.753268055278534
5.07 0.878511965506632
5.08 1.00361714851135
5.09 1.12856384873401
5.1 1.25333233564224
5.11 1.37790290684557
5.12 1.50225589120676
5.13 1.62637165194803
5.14 1.75023058975195
5.15 1.87381314585644
5.16 1.99709980514326
5.17 2.12007109921974
5.18 2.242707609493
5.19 2.36498997023644
5.2 2.48689887164774
5.21 2.60841506289816
5.22 2.72951935517244
5.23 2.85019262469895
5.24 2.97041581576954
5.25 3.09016994374866
5.26 3.20943609807129
5.27 3.32819544522906
5.28 3.44642923174436
5.29 3.5641187871317
5.3 3.68124552684597
5.31 3.79779095521721
5.32 3.91373666837123
5.33 4.02906435713583
5.34 4.14375580993205
5.35 4.25779291564993
5.36 4.37115766650854
5.37 4.48383216089953
5.38 4.59579860621409
5.39 4.70703932165255
5.4 4.81753674101637
5.41 4.92727341548214
5.42 5.03623201635683
5.43 5.14439533781429
5.44 5.25174629961219
5.45 5.3582679497892
5.46 5.46394346734193
5.47 5.56875616488112
5.48 5.67268949126681
5.49 5.77572703422193
5.5 5.87785252292399
5.51 5.97904983057445
5.52 6.07930297694532
5.53 6.17859613090262
5.54 6.27691361290628
5.55 6.37423989748618
5.56 6.47055961569373
5.57 6.56585755752886
5.58 6.66011867434182
5.59 6.75332808120955
5.6 6.8454710592862
5.61 6.93653305812737
5.62 7.02649969798782
5.63 7.11535677209218
5.64 7.20309024887841
5.65 7.28968627421346
5.66 7.37513117358109
5.67 7.45941145424118
5.68 7.5425138073604
5.69 7.62442511011385
5.7 7.70513242775728
5.71 7.78462301566962
5.72 7.86288432136559
5.73 7.93990398647776
5.74 8.01566984870818
5.75 8.09016994374889
5.76 8.16339250717127
5.77 8.23532597628371
5.78 8.30595899195757
5.79 8.37528040042088
5.8 8.44327925501961
5.81 8.50994481794639
5.82 8.575266561936
5.83 8.63923417192785
5.84 8.70183754669476
5.85 8.76306680043815
5.86 8.82291226434906
5.87 8.88136448813498
5.88 8.93841424151218
5.89 8.99405251566326
5.9 9.04827052465976
5.91 9.10105970684953
5.92 9.15241172620876
5.93 9.2023184736583
5.94 9.25077206834419
5.95 9.29776485888213
5.96 9.34328942456575
5.97 9.38733857653838
5.98 9.4299053589283
5.99 9.4709830499471
6 9.51056516295121
6.01 9.54864544746611
6.02 9.58521789017346
6.03 9.62027671586057
6.04 9.65381638833246
6.05 9.68583161128605
6.06 9.71631732914649
6.07 9.74526872786553
6.08 9.77268123568171
6.09 9.79855052384225
6.1 9.82287250728669
6.11 9.84564334529187
6.12 9.86685944207851
6.13 9.88651744737898
6.14 9.90461425696636
6.15 9.92114701314464
6.16 9.93611310519996
6.17 9.94951016981289
6.18 9.96133609143163
6.19 9.97158900260606
6.2 9.98026728428265
6.21 9.98736956606012
6.22 9.99289472640585
6.23 9.99684189283297
6.24 9.99921044203815
6.25 10
6.26 9.99921044203818
6.27 9.99684189283303
6.28 9.99289472640594
6.29 9.98736956606023
6.3 9.98026728428279
6.31 9.97158900260622
6.32 9.96133609143183
6.33 9.94951016981312
6.34 9.93611310520021
6.35 9.92114701314492
6.36 9.90461425696667
6.37 9.88651744737931
6.38 9.86685944207887
6.39 9.84564334529226
6.4 9.8228725072871
6.41 9.7985505238427
6.42 9.77268123568218
6.43 9.74526872786603
6.44 9.71631732914702
6.45 9.6858316112866
6.46 9.65381638833305
6.47 9.62027671586118
6.48 9.58521789017409
6.49 9.54864544746678
6.5 9.51056516295191
6.51 9.47098304994782
6.52 9.42990535892904
6.53 9.38733857653915
6.54 9.34328942456654
6.55 9.29776485888295
6.56 9.25077206834504
6.57 9.20231847365918
6.58 9.15241172620966
6.59 9.10105970685046
6.6 9.04827052466071
6.61 8.99405251566424
6.62 8.93841424151318
6.63 8.88136448813601
6.64 8.82291226435011
6.65 8.76306680043922
6.66 8.70183754669586
6.67 8.63923417192898
6.68 8.57526656193715
6.69 8.50994481794757
6.7 8.44327925502082
6.71 8.3752804004221
6.72 8.30595899195882
6.73 8.23532597628498
6.74 8.16339250717257
6.75 8.09016994375021
6.76 8.01566984870952
6.77 7.93990398647912
6.78 7.86288432136697
6.79 7.78462301567103
6.8 7.7051324277587
6.81 7.6244251101153
6.82 7.54251380736187
6.83 7.45941145424267
6.84 7.3751311735826
6.85 7.28968627421499
6.86 7.20309024887996
6.87 7.11535677209376
6.88 7.02649969798941
6.89 6.93653305812898
6.9 6.84547105928783
6.91 6.7533280812112
6.92 6.66011867434348
6.93 6.56585755753054
6.94 6.47055961569544
6.95 6.37423989748791
6.96 6.27691361290802
6.97 6.17859613090438
6.98 6.0793029769471
6.99 5.97904983057624
7 5.8778525229258
7.01 5.77572703422376
7.02 5.67268949126866
7.03 5.56875616488298
7.04 5.46394346734381
7.05 5.3582679497911
7.06 5.25174629961409
7.07 5.14439533781621
7.08 5.03623201635877
7.09 4.92727341548409
7.1 4.81753674101833
7.11 4.70703932165452
7.12 4.59579860621608
7.13 4.48383216090153
7.14 4.37115766651055
7.15 4.25779291565196
7.16 4.14375580993409
7.17 4.02906435713787
7.18 3.91373666837328
7.19 3.79779095521929
7.2 3.68124552684805
7.21 3.56411878713379
7.22 3.44642923174647
7.23 3.32819544523116
7.24 3.2094360980734
7.25 3.0901699437508
7.26 2.97041581577168
7.27 2.85019262470109
7.28 2.72951935517459
7.29 2.60841506290032
7.3 2.4868988716499
7.31 2.36498997023861
7.32 2.24270760949518
7.33 2.12007109922193
7.34 1.99709980514545
7.35 1.87381314585864
7.36 1.75023058975416
7.37 1.62637165195023
7.38 1.50225589120897
7.39 1.37790290684779
7.4 1.25333233564447
7.41 1.12856384873623
7.42 1.00361714851357
7.43 0.878511965508867
7.44 0.753268055280754
7.45 0.62790519529457
7.46 0.50244318179914
7.47 0.376901826700799
7.48 0.251300954434819
7.49 0.125660398834978
7.5 1.46028642736967E-12
7.51 -0.125660398832076
7.52 -0.251300954431917
7.53 -0.37690182669788
7.54 -0.502443181796224
7.55 -0.627905195291673
7.56 -0.75326805527786
7.57 -0.878511965505958
7.58 -1.00361714851069
7.59 -1.12856384873335
7.6 -1.25333233564157
7.61 -1.3779029068449
7.62 -1.5022558912061
7.63 -1.62637165194736
7.64 -1.75023058975128
7.65 -1.87381314585578
7.66 -1.9970998051426
7.67 -2.12007109921908
7.68 -2.24270760949236
7.69 -2.36498997023579
7.7 -2.48689887164709
7.71 -2.6084150628975
7.72 -2.7295193551718
7.73 -2.85019262469831
7.74 -2.97041581576889
7.75 -3.09016994374803
7.76 -3.20943609807065
7.77 -3.32819544522842
7.78 -3.44642923174373
7.79 -3.56411878713108
7.8 -3.68124552684535
7.81 -3.79779095521658
7.82 -3.91373666837061
7.83 -4.02906435713522
7.84 -4.14375580993143
7.85 -4.25779291564932
7.86 -4.37115766650794
7.87 -4.48383216089893
7.88 -4.59579860621349
7.89 -4.70703932165196
7.9 -4.81753674101579
7.91 -4.92727341548155
7.92 -5.03623201635625
7.93 -5.14439533781372
7.94 -5.25174629961162
7.95 -5.35826794978863
7.96 -5.46394346734137
7.97 -5.56875616488057
7.98 -5.67268949126626
7.99 -5.77572703422137
8 -5.87785252292345
8.01 -5.97904983057391
8.02 -6.07930297694478
8.03 -6.17859613090209
8.04 -6.27691361290576
8.05 -6.37423989748566
8.06 -6.47055961569323
8.07 -6.56585755752835
8.08 -6.66011867434131
8.09 -6.75332808120905
8.1 -6.84547105928571
8.11 -6.93653305812688
8.12 -7.02649969798733
8.13 -7.11535677209172
8.14 -7.20309024887794
8.15 -7.289686274213
8.16 -7.37513117358063
8.17 -7.45941145424074
8.18 -7.54251380735996
8.19 -7.62442511011341
8.2 -7.70513242775685
8.21 -7.7846230156692
8.22 -7.86288432136517
8.23 -7.93990398647735
8.24 -8.01566984870778
8.25 -8.0901699437485
8.26 -8.16339250717088
8.27 -8.23532597628334
8.28 -8.3059589919572
8.29 -8.37528040042051
8.3 -8.44327925501925
8.31 -8.50994481794604
8.32 -8.57526656193566
8.33 -8.63923417192751
8.34 -8.70183754669443
8.35 -8.76306680043783
8.36 -8.82291226434874
8.37 -8.88136448813466
8.38 -8.93841424151188
8.39 -8.99405251566297
8.4 -9.04827052465947
8.41 -9.10105970684926
8.42 -9.15241172620849
8.43 -9.20231847365804
8.44 -9.25077206834393
8.45 -9.29776485888189
8.46 -9.34328942456551
8.47 -9.38733857653815
8.48 -9.42990535892807
8.49 -9.47098304994689
8.5 -9.510565162951
8.51 -9.54864544746592
8.52 -9.58521789017327
8.53 -9.62027671586039
8.54 -9.65381638833228
8.55 -9.68583161128588
8.56 -9.71631732914633
8.57 -9.74526872786538
8.58 -9.77268123568157
8.59 -9.79855052384212
8.6 -9.82287250728656
8.61 -9.84564334529175
8.62 -9.8668594420784
8.63 -9.88651744737888
8.64 -9.90461425696627
8.65 -9.92114701314456
8.66 -9.93611310519989
8.67 -9.94951016981282
8.68 -9.96133609143157
8.69 -9.97158900260601
8.7 -9.9802672842826
8.71 -9.98736956606009
8.72 -9.99289472640583
8.73 -9.99684189283295
8.74 -9.99921044203814
8.75 -10
8.76 -9.99921044203818
8.77 -9.99684189283304
8.78 -9.99289472640596
8.79 -9.98736956606026
8.8 -9.98026728428283
8.81 -9.97158900260628
8.82 -9.96133609143188
8.83 -9.94951016981318
8.84 -9.93611310520029
8.85 -9.92114701314501
8.86 -9.90461425696676
8.87 -9.88651744737941
8.88 -9.86685944207898
8.89 -9.84564334529237
8.9 -9.82287250728723
8.91 -9.79855052384283
8.92 -9.77268123568233
8.93 -9.74526872786618
8.94 -9.71631732914718
8.95 -9.68583161128677
8.96 -9.65381638833322
8.97 -9.62027671586136
8.98 -9.58521789017429
8.99 -9.54864544746698
9 -9.51056516295211
9.01 -9.47098304994804
9.02 -9.42990535892927
9.03 -9.38733857653938
9.04 -9.34328942456679
9.05 -9.2977648588832
9.06 -9.2507720683453
9.07 -9.20231847365944
9.08 -9.15241172620993
9.09 -9.10105970685074
9.1 -9.04827052466099
9.11 -8.99405251566454
9.12 -8.93841424151349
9.13 -8.88136448813632
9.14 -8.82291226435042
9.15 -8.76306680043955
9.16 -8.7018375466962
9.17 -8.63923417192931
9.18 -8.5752665619375
9.19 -8.50994481794792
9.2 -8.44327925502118
9.21 -8.37528040042246
9.22 -8.30595899195919
9.23 -8.23532597628537
9.24 -8.16339250717295
9.25 -8.0901699437506
9.26 -8.01566984870992
9.27 -7.93990398647952
9.28 -7.86288432136738
9.29 -7.78462301567145
9.3 -7.70513242775913
9.31 -7.62442511011573
9.32 -7.54251380736231
9.33 -7.45941145424312
9.34 -7.37513117358305
9.35 -7.28968627421545
9.36 -7.20309024888043
9.37 -7.11535677209423
9.38 -7.02649969798988
9.39 -6.93653305812946
9.4 -6.84547105928832
9.41 -6.75332808121169
9.42 -6.66011867434398
9.43 -6.56585755753105
9.44 -6.47055961569595
9.45 -6.37423989748842
9.46 -6.27691361290855
9.47 -6.17859613090491
9.48 -6.07930297694763
9.49 -5.97904983057678
9.5 -5.87785252292634
9.51 -5.77572703422431
9.52 -5.67268949126921
9.53 -5.56875616488354
9.54 -5.46394346734437
9.55 -5.35826794979165
9.56 -5.25174629961466
9.57 -5.14439533781679
9.58 -5.03623201635935
9.59 -4.92727341548467
9.6 -4.81753674101892
9.61 -4.70703932165511
9.62 -4.59579860621667
9.63 -4.48383216090213
9.64 -4.37115766651116
9.65 -4.25779291565257
9.66 -4.14375580993469
9.67 -4.02906435713849
9.68 -3.91373666837391
9.69 -3.79779095521989
9.7 -3.68124552684868
9.71 -3.56411878713442
9.72 -3.44642923174709
9.73 -3.3281954452318
9.74 -3.20943609807404
9.75 -3.09016994375144
9.76 -2.97041581577231
9.77 -2.85019262470174
9.78 -2.72951935517524
9.79 -2.60841506290096
9.8 -2.48689887165055
9.81 -2.36498997023926
9.82 -2.24270760949584
9.83 -2.12007109922257
9.84 -1.99709980514611
9.85 -1.8738131458593
9.86 -1.75023058975481
9.87 -1.6263716519509
9.88 -1.50225589120964
9.89 -1.37790290684846
9.9 -1.25333233564512
9.91 -1.12856384873691
9.92 -1.00361714851425
9.93 -0.878511965509523
9.94 -0.753268055281429
9.95 -0.627905195295245
9.96 -0.502443181799816
9.97 -0.376901826701457
9.98 -0.251300954435495
9.99 -0.125660398835655
10 -2.11876306430159E-12
10.01 0.1256603988314
10.02 0.251300954431241
10.03 0.376901826697205
10.04 0.502443181795566
10.05 0.627905195290998
10.06 0.753268055277185
10.07 0.878511965505302
10.08 1.00361714851001
10.09 1.12856384873268
10.1 1.25333233564092
10.11 1.37790290684425
10.12 1.50225589120544
10.13 1.6263716519467
10.14 1.75023058975064
10.15 1.87381314585512
10.16 1.99709980514194
10.17 2.12007109921843
10.18 2.2427076094917
10.19 2.36498997023513
10.2 2.48689887164643
10.21 2.60841506289687
10.22 2.72951935517115
10.23 2.85019262469766
10.24 2.97041581576827
10.25 3.09016994374739
10.26 3.20943609807001
10.27 3.32819544522779
10.28 3.44642923174311
10.29 3.56411878713045
10.3 3.68124552684472
10.31 3.79779095521597
10.32 3.91373666836999
10.33 4.0290643571346
10.34 4.14375580993082
10.35 4.25779291564872
10.36 4.37115766650733
10.37 4.48383216089833
10.38 4.59579860621291
10.39 4.70703932165136
10.4 4.81753674101519
10.41 4.92727341548096
10.42 5.03623201635568
10.43 5.14439533781314
10.44 5.25174629961104
10.45 5.35826794978807
10.46 5.46394346734081
10.47 5.56875616488001
10.48 5.67268949126572
10.49 5.77572703422084
10.5 5.8778525229229
10.51 5.97904983057337
10.52 6.07930297694426
10.53 6.17859613090156
10.54 6.27691361290523
10.55 6.37423989748515
10.56 6.47055961569271
10.57 6.56585755752784
10.58 6.66011867434081
10.59 6.75332808120856
10.6 6.84547105928522
10.61 6.9365330581264
10.62 7.02649969798687
10.63 7.11535677209124
10.64 7.20309024887747
10.65 7.28968627421254
10.66 7.37513117358019
10.67 7.45941145424029
10.68 7.54251380735952
10.69 7.62442511011299
10.7 7.70513242775642
10.71 7.78462301566878
10.72 7.86288432136475
10.73 7.93990398647694
10.74 8.01566984870738
10.75 8.0901699437481
10.76 8.1633925071705
10.77 8.23532597628295
10.78 8.30595899195682
10.79 8.37528040042013
10.8 8.4432792550189
10.81 8.50994481794569
10.82 8.57526656193531
10.83 8.63923417192717
10.84 8.7018375466941
10.85 8.7630668004375
10.86 8.82291226434842
10.87 8.88136448813436
10.88 8.93841424151158
10.89 8.99405251566267
10.9 9.04827052465919
10.91 9.10105970684898
10.92 9.15241172620822
10.93 9.20231847365778
10.94 9.25077206834368
10.95 9.29776485888164
10.96 9.34328942456527
10.97 9.38733857653792
10.98 9.42990535892785
10.99 9.47098304994667
11 9.5105651629508
11.01 9.54864544746572
11.02 9.58521789017307
11.03 9.6202767158602
11.04 9.65381638833211
11.05 9.68583161128571
11.06 9.71631732914617
11.07 9.74526872786523
11.08 9.77268123568142
11.09 9.79855052384199
11.1 9.82287250728643
11.11 9.84564334529163
11.12 9.86685944207829
11.13 9.88651744737877
11.14 9.90461425696618
11.15 9.92114701314447
11.16 9.93611310519981
11.17 9.94951016981276
11.18 9.96133609143151
11.19 9.97158900260595
11.2 9.98026728428256
11.21 9.98736956606005
11.22 9.9928947264058
11.23 9.99684189283294
11.24 9.99921044203813
11.25 10
11.26 9.99921044203819
11.27 9.99684189283306
11.28 9.99289472640599
11.29 9.9873695660603
11.3 9.98026728428287
11.31 9.97158900260633
11.32 9.96133609143194
11.33 9.94951016981325
11.34 9.93611310520036
11.35 9.92114701314509
11.36 9.90461425696686
11.37 9.88651744737951
11.38 9.86685944207909
11.39 9.84564334529249
11.4 9.82287250728736
11.41 9.79855052384297
11.42 9.77268123568246
11.43 9.74526872786633
11.44 9.71631732914734
11.45 9.68583161128693
11.46 9.65381638833339
11.47 9.62027671586155
11.48 9.58521789017448
11.49 9.54864544746718
11.5 9.51056516295232
11.51 9.47098304994826
11.52 9.42990535892949
11.53 9.38733857653961
11.54 9.34328942456703
11.55 9.29776485888345
11.56 9.25077206834555
11.57 9.2023184736597
11.58 9.15241172621021
11.59 9.10105970685101
11.6 9.04827052466128
11.61 8.99405251566483
11.62 8.93841424151379
11.63 8.88136448813662
11.64 8.82291226435074
11.65 8.76306680043988
11.66 8.70183754669652
11.67 8.63923417192965
11.68 8.57526656193785
11.69 8.50994481794828
11.7 8.44327925502153
11.71 8.37528040042283
11.72 8.30595899195957
11.73 8.23532597628574
11.74 8.16339250717334
11.75 8.090169943751
11.76 8.01566984871031
11.77 7.93990398647993
11.78 7.8628843213678
11.79 7.78462301567187
11.8 7.70513242775955
11.81 7.62442511011617
11.82 7.54251380736276
11.83 7.45941145424356
11.84 7.37513117358351
11.85 7.28968627421591
11.86 7.20309024888089
11.87 7.1153567720947
11.88 7.02649969799036
11.89 6.93653305812995
11.9 6.8454710592888
11.91 6.75332808121219
11.92 6.66011867434449
11.93 6.56585755753156
11.94 6.47055961569646
11.95 6.37423989748894
11.96 6.27691361290907
11.97 6.17859613090542
11.98 6.07930297694816
11.99 5.97904983057732
12 5.87785252292689
12.01 5.77572703422485
12.02 5.67268949126976
12.03 5.5687561648841
12.04 5.46394346734492
12.05 5.35826794979222
12.06 5.25174629961524
12.07 5.14439533781737
12.08 5.03623201635992
12.09 4.92727341548525
12.1 4.81753674101951
12.11 4.70703932165569
12.12 4.59579860621727
12.13 4.48383216090274
12.14 4.37115766651175
12.15 4.25779291565317
12.16 4.14375580993531
12.17 4.02906435713911
12.18 3.91373666837451
12.19 3.79779095522052
12.2 3.68124552684931
12.21 3.56411878713504
12.22 3.44642923174772
12.23 3.32819544523244
12.24 3.20943609807468
12.25 3.09016994375206
12.26 2.97041581577296
12.27 2.85019262470239
12.28 2.72951935517588
12.29 2.60841506290161
12.3 2.48689887165121
12.31 2.36498997023992
12.32 2.24270760949649
12.33 2.12007109922323
12.34 1.99709980514677
12.35 1.87381314585995
12.36 1.75023058975547
12.37 1.62637165195156
12.38 1.50225589121031
12.39 1.37790290684912
12.4 1.25333233564579
12.41 1.12856384873758
12.42 1.0036171485149
12.43 0.878511965510197
12.44 0.753268055282103
12.45 0.62790519529592
12.46 0.502443181800474
12.47 0.376901826702133
12.48 0.251300954436171
12.49 0.125660398836313
12.5 2.79500326962751E-12
12.51 -0.125660398830723
12.52 -0.251300954430565
12.53 -0.376901826696547
12.54 -0.502443181794891
12.55 -0.627905195290323
12.56 -0.753268055276529
12.57 -0.878511965504629
12.58 -1.00361714850934
12.59 -1.12856384873202
12.6 -1.25333233564024
12.61 -1.37790290684358
12.62 -1.50225589120477
12.63 -1.62637165194605
12.64 -1.75023058974997
12.65 -1.87381314585446
12.66 -1.9970998051413
12.67 -2.12007109921777
12.68 -2.24270760949104
12.69 -2.36498997023447
12.7 -2.48689887164579
12.71 -2.60841506289622
12.72 -2.7295193551705
12.73 -2.85019262469703
12.74 -2.97041581576762
12.75 -3.09016994374675
12.76 -3.20943609806937
12.77 -3.32819544522715
12.78 -3.44642923174249
12.79 -3.56411878712983
12.8 -3.68124552684411
12.81 -3.79779095521535
12.82 -3.91373666836937
12.83 -4.02906435713398
12.84 -4.1437558099302
12.85 -4.25779291564813
12.86 -4.37115766650674
12.87 -4.48383216089774
12.88 -4.59579860621231
12.89 -4.70703932165076
12.9 -4.8175367410146
12.91 -4.92727341548037
12.92 -5.03623201635511
12.93 -5.14439533781258
12.94 -5.25174629961048
12.95 -5.3582679497875
12.96 -5.46394346734024
12.97 -5.56875616487944
12.98 -5.67268949126514
12.99 -5.7757270342203
13 -5.87785252292237
13.01 -5.97904983057284
13.02 -6.07930297694372
13.03 -6.17859613090103
13.04 -6.27691361290471
13.05 -6.37423989748462
13.06 -6.47055961569221
13.07 -6.56585755752735
13.08 -6.66011867434032
13.09 -6.75332808120807
13.1 -6.84547105928473
13.11 -6.93653305812591
13.12 -7.02649969798637
13.13 -7.11535677209078
13.14 -7.20309024887702
13.15 -7.28968627421208
13.16 -7.37513117357973
13.17 -7.45941145423984
13.18 -7.54251380735908
13.19 -7.62442511011254
13.2 -7.705132427756
13.21 -7.78462301566837
13.22 -7.86288432136435
13.23 -7.93990398647653
13.24 -8.01566984870697
13.25 -8.09016994374771
13.26 -8.1633925071701
13.27 -8.23532597628258
13.28 -8.30595899195646
13.29 -8.37528040041978
13.3 -8.44327925501854
13.31 -8.50994481794533
13.32 -8.57526656193497
13.33 -8.63923417192682
13.34 -8.70183754669377
13.35 -8.76306680043718
13.36 -8.82291226434811
13.37 -8.88136448813405
13.38 -8.93841424151127
13.39 -8.99405251566238
13.4 -9.04827052465889
13.41 -9.1010597068487
13.42 -9.15241172620795
13.43 -9.20231847365751
13.44 -9.25077206834342
13.45 -9.29776485888139
13.46 -9.34328942456503
13.47 -9.38733857653768
13.48 -9.42990535892763
13.49 -9.47098304994646
13.5 -9.51056516295059
13.51 -9.54864544746552
13.52 -9.58521789017288
13.53 -9.62027671586002
13.54 -9.65381638833193
13.55 -9.68583161128555
13.56 -9.71631732914601
13.57 -9.74526872786508
13.58 -9.77268123568128
13.59 -9.79855052384185
13.6 -9.82287250728631
13.61 -9.84564334529152
13.62 -9.86685944207818
13.63 -9.88651744737868
13.64 -9.90461425696608
13.65 -9.92114701314439
13.66 -9.93611310519973
13.67 -9.94951016981269
13.68 -9.96133609143145
13.69 -9.9715890026059
13.7 -9.98026728428252
13.71 -9.98736956606002
13.72 -9.99289472640577
13.73 -9.99684189283292
13.74 -9.99921044203812
13.75 -10
13.76 -9.9992104420382
13.77 -9.99684189283308
13.78 -9.99289472640601
13.79 -9.98736956606033
13.8 -9.98026728428291
13.81 -9.97158900260638
13.82 -9.961336091432
13.83 -9.94951016981332
13.84 -9.93611310520044
13.85 -9.92114701314517
13.86 -9.90461425696695
13.87 -9.88651744737962
13.88 -9.8668594420792
13.89 -9.84564334529261
13.9 -9.82287250728748
13.91 -9.7985505238431
13.92 -9.77268123568261
13.93 -9.74526872786649
13.94 -9.7163173291475
13.95 -9.68583161128711
13.96 -9.65381638833357
13.97 -9.62027671586173
13.98 -9.58521789017467
13.99 -9.54864544746738
14 -9.51056516295253
14.01 -9.47098304994847
14.02 -9.42990535892972
14.03 -9.38733857653984
14.04 -9.34328942456726
14.05 -9.2977648588837
14.06 -9.2507720683458
14.07 -9.20231847365996
14.08 -9.15241172621048
14.09 -9.1010597068513
14.1 -9.04827052466156
14.11 -8.99405251566512
14.12 -8.93841424151409
14.13 -8.88136448813693
14.14 -8.82291226435106
14.15 -8.7630668004402
14.16 -8.70183754669686
14.17 -8.63923417192998
14.18 -8.57526656193819
14.19 -8.50994481794862
14.2 -8.4432792550219
14.21 -8.3752804004232
14.22 -8.30595899195995
14.23 -8.23532597628613
14.24 -8.16339250717372
14.25 -8.09016994375139
14.26 -8.01566984871072
14.27 -7.93990398648034
14.28 -7.86288432136822
14.29 -7.7846230156723
14.3 -7.70513242775999
14.31 -7.62442511011659
14.32 -7.54251380736319
14.33 -7.45941145424401
14.34 -7.37513117358396
14.35 -7.28968627421637
14.36 -7.20309024888136
14.37 -7.11535677209516
14.38 -7.02649969799083
14.39 -6.93653305813042
14.4 -6.8454710592893
14.41 -6.75332808121269
14.42 -6.66011867434499
14.43 -6.56585755753207
14.44 -6.47055961569696
14.45 -6.37423989748945
14.46 -6.27691361290959
14.47 -6.17859613090596
14.48 -6.0793029769487
14.49 -5.97904983057787
14.5 -5.87785252292744
14.51 -5.77572703422539
14.52 -5.67268949127031
14.53 -5.56875616488465
14.54 -5.46394346734549
14.55 -5.3582679497928
14.56 -5.25174629961581
14.57 -5.14439533781795
14.58 -5.03623201636049
14.59 -4.92727341548583
14.6 -4.81753674102009
14.61 -4.70703932165629
14.62 -4.59579860621787
14.63 -4.48383216090334
14.64 -4.37115766651237
14.65 -4.25779291565376
14.66 -4.1437558099359
14.67 -4.02906435713971
14.68 -3.91373666837513
14.69 -3.79779095522115
14.7 -3.68124552684994
14.71 -3.56411878713569
14.72 -3.44642923174834
14.73 -3.32819544523306
14.74 -3.20943609807531
14.75 -3.09016994375271
14.76 -2.9704158157736
14.77 -2.85019262470303
14.78 -2.72951935517655
14.79 -2.60841506290225
14.8 -2.48689887165184
14.81 -2.36498997024056
14.82 -2.24270760949714
14.83 -2.1200710992239
14.84 -1.99709980514744
14.85 -1.87381314586063
14.86 -1.75023058975612
14.87 -1.62637165195221
14.88 -1.50225589121096
14.89 -1.37790290684979
14.9 -1.25333233564646
14.91 -1.12856384873825
14.92 -1.00361714851559
14.93 -0.878511965510853
14.94 -0.75326805528276
14.95 -0.627905195296577
14.96 -0.502443181801149
14.97 -0.376901826702808
14.98 -0.251300954436847
14.99 -0.125660398837007
15 -3.45347990655942E-12
15.01 0.125660398830065
15.02 0.251300954429907
15.03 0.376901826695871
15.04 0.502443181794215
15.05 0.627905195289648
15.06 0.753268055275837
15.07 0.878511965503972
15.08 1.00361714850869
15.09 1.12856384873135
15.1 1.25333233563957
15.11 1.37790290684291
15.12 1.5022558912041
15.13 1.62637165194536
15.14 1.75023058974932
15.15 1.87381314585381
15.16 1.99709980514063
15.17 2.12007109921711
15.18 2.24270760949038
15.19 2.36498997023382
15.2 2.48689887164515
15.21 2.60841506289558
15.22 2.72951935516987
15.23 2.85019262469638
15.24 2.97041581576697
15.25 3.0901699437461
15.26 3.20943609806873
15.27 3.32819544522655
15.28 3.44642923174186
15.29 3.5641187871292
15.3 3.68124552684348
15.31 3.79779095521472
15.32 3.91373666836875
15.33 4.02906435713336
15.34 4.14375580992962
15.35 4.25779291564751
15.36 4.37115766650613
15.37 4.48383216089714
15.38 4.59579860621171
15.39 4.70703932165017
15.4 4.81753674101401
15.41 4.92727341547982
15.42 5.03623201635452
15.43 5.144395337812
15.44 5.25174629960991
15.45 5.35826794978693
15.46 5.46394346733968
15.47 5.56875616487888
15.48 5.67268949126462
15.49 5.77572703421975
15.5 5.87785252292182
15.51 5.9790498305723
15.52 6.07930297694319
15.53 6.1785961309005
15.54 6.27691361290418
15.55 6.37423989748412
15.56 6.47055961569169
15.57 6.56585755752684
15.58 6.66011867433981
15.59 6.75332808120757
15.6 6.84547105928423
15.61 6.93653305812542
15.62 7.02649969798592
15.63 7.11535677209031
15.64 7.20309024887655
15.65 7.28968627421162
15.66 7.37513117357928
15.67 7.45941145423939
15.68 7.54251380735863
15.69 7.62442511011213
15.7 7.70513242775557
15.71 7.78462301566794
15.72 7.86288432136393
15.73 7.93990398647612
15.74 8.01566984870657
15.75 8.09016994374731
15.76 8.16339250716973
15.77 8.23532597628219
15.78 8.30595899195608
15.79 8.37528040041941
15.8 8.44327925501817
15.81 8.50994481794498
15.82 8.57526656193462
15.83 8.6392341719265
15.84 8.70183754669344
15.85 8.76306680043686
15.86 8.82291226434779
15.87 8.88136448813374
15.88 8.93841424151097
15.89 8.99405251566208
15.9 9.04827052465862
15.91 9.10105970684842
15.92 9.15241172620768
15.93 9.20231847365725
15.94 9.25077206834317
15.95 9.29776485888114
15.96 9.34328942456479
15.97 9.38733857653746
15.98 9.42990535892741
15.99 9.47098304994624
16 9.51056516295038
16.01 9.54864544746532
16.02 9.5852178901727
16.03 9.62027671585985
16.04 9.65381638833178
16.05 9.6858316112854
16.06 9.71631732914588
16.07 9.74526872786496
16.08 9.77268123568117
16.09 9.79855052384175
16.1 9.82287250728622
16.11 9.84564334529143
16.12 9.86685944207811
16.13 9.88651744737861
16.14 9.90461425696603
16.15 9.92114701314434
16.16 9.9361131051997
16.17 9.94951016981266
16.18 9.96133609143142
16.19 9.97158900260588
16.2 9.9802672842825
16.21 9.98736956606001
16.22 9.99289472640577
16.23 9.99684189283292
16.24 9.99921044203812
16.25 10
16.26 9.9992104420382
16.27 9.99684189283308
16.28 9.99289472640601
16.29 9.98736956606033
16.3 9.98026728428292
16.31 9.97158900260638
16.32 9.961336091432
16.33 9.94951016981331
16.34 9.93611310520043
16.35 9.92114701314516
16.36 9.90461425696693
16.37 9.8865174473796
16.38 9.86685944207917
16.39 9.84564334529258
16.4 9.82287250728745
16.41 9.79855052384306
16.42 9.77268123568255
16.43 9.74526872786642
16.44 9.71631732914743
16.45 9.68583161128703
16.46 9.65381638833348
16.47 9.62027671586163
16.48 9.58521789017456
16.49 9.54864544746726
16.5 9.51056516295239
16.51 9.47098304994833
16.52 9.42990535892955
16.53 9.38733857653968
16.54 9.34328942456708
16.55 9.2977648588835
16.56 9.25077206834559
16.57 9.20231847365974
16.58 9.15241172621023
16.59 9.10105970685103
16.6 9.04827052466129
16.61 8.99405251566482
16.62 8.93841424151378
16.63 8.88136448813661
16.64 8.82291226435071
16.65 8.76306680043983
16.66 8.70183754669648
16.67 8.63923417192959
16.68 8.57526656193777
16.69 8.50994481794818
16.7 8.44327925502142
16.71 8.37528040042271
16.72 8.30595899195943
16.73 8.23532597628559
16.74 8.16339250717316
16.75 8.09016994375083
16.76 8.01566984871012
16.77 7.93990398647972
16.78 7.86288432136756
16.79 7.78462301567161
16.8 7.70513242775929
16.81 7.62442511011588
16.82 7.54251380736244
16.83 7.45941145424323
16.84 7.37513117358317
16.85 7.28968627421555
16.86 7.2030902488805
16.87 7.11535677209429
16.88 7.02649969798995
16.89 6.9365330581295
16.9 6.84547105928834
16.91 6.75332808121169
16.92 6.66011867434396
16.93 6.56585755753103
16.94 6.4705596156959
16.95 6.37423989748835
16.96 6.27691361290845
16.97 6.17859613090481
16.98 6.07930297694752
16.99 5.97904983057664
17 5.87785252292617
17.01 5.77572703422411
17.02 5.67268949126902
17.03 5.56875616488332
17.04 5.46394346734412
17.05 5.35826794979139
17.06 5.25174629961439
17.07 5.14439533781649
17.08 5.03623201635902
17.09 4.92727341548431
17.1 4.81753674101857
17.11 4.70703932165473
17.12 4.59579860621626
17.13 4.48383216090169
17.14 4.37115766651068
17.15 4.25779291565209
17.16 4.14375580993419
17.17 4.02906435713796
17.18 3.91373666837334
17.19 3.79779095521934
17.2 3.68124552684809
17.21 3.5641187871338
17.22 3.44642923174644
17.23 3.32819544523112
17.24 3.20943609807336
17.25 3.09016994375072
17.26 2.97041581577157
17.27 2.85019262470096
17.28 2.72951935517446
17.29 2.60841506290016
17.3 2.48689887164971
17.31 2.36498997023839
17.32 2.24270760949496
17.33 2.12007109922167
17.34 1.99709980514517
17.35 1.87381314585833
17.36 1.75023058975382
17.37 1.6263716519499
17.38 1.50225589120861
17.39 1.37790290684739
17.4 1.25333233564403
17.41 1.12856384873581
17.42 1.00361714851312
17.43 0.878511965508377
17.44 0.753268055280246
17.45 0.627905195294025
17.46 0.502443181798595
17.47 0.376901826700218
17.48 0.25130095443422
17.49 0.125660398834344
17.5 8.25696390600872E-13
17.51 -0.125660398832728
17.52 -0.251300954432605
17.53 -0.376901826698603
17.54 -0.502443181796946
17.55 -0.627905195292413
17.56 -0.753268055278634
17.57 -0.878511965506767
17.58 -1.00361714851151
17.59 -1.12856384873417
17.6 -1.25333233564243
17.61 -1.37790290684579
17.62 -1.50225589120701
17.63 -1.62637165194827
17.64 -1.75023058975222
17.65 -1.87381314585674
17.66 -1.99709980514359
17.67 -2.1200710992201
17.68 -2.24270760949335
17.69 -2.36498997023682
17.7 -2.48689887164815
17.71 -2.6084150628986
17.72 -2.72951935517287
17.73 -2.85019262469941
17.74 -2.97041581577003
17.75 -3.09016994374918
17.76 -3.20943609807179
17.77 -3.32819544522959
17.78 -3.44642923174492
17.79 -3.56411878713229
17.8 -3.68124552684659
17.81 -3.79779095521781
17.82 -3.91373666837185
17.83 -4.02906435713648
17.84 -4.14375580993272
17.85 -4.2577929156506
17.86 -4.37115766650923
17.87 -4.48383216090025
17.88 -4.59579860621483
17.89 -4.7070393216533
17.9 -4.81753674101712
17.91 -4.92727341548291
17.92 -5.03623201635762
17.93 -5.1443953378151
17.94 -5.25174629961299
17.95 -5.35826794979002
17.96 -5.46394346734277
17.97 -5.56875616488198
17.98 -5.67268949126766
17.99 -5.77572703422279
18 -5.87785252292487
18.01 -5.97904983057535
18.02 -6.07930297694623
18.03 -6.17859613090351
18.04 -6.27691361290719
18.05 -6.37423989748711
18.06 -6.47055961569467
18.07 -6.56585755752978
18.08 -6.66011867434275
18.09 -6.7533280812105
18.1 -6.84547105928716
18.11 -6.93653305812834
18.12 -7.02649969798877
18.13 -7.11535677209315
18.14 -7.20309024887938
18.15 -7.28968627421444
18.16 -7.37513117358206
18.17 -7.45941145424215
18.18 -7.54251380736138
18.19 -7.62442511011484
18.2 -7.70513242775824
18.21 -7.78462301567059
18.22 -7.86288432136656
18.23 -7.93990398647874
18.24 -8.01566984870916
18.25 -8.09016994374985
18.26 -8.16339250717223
18.27 -8.23532597628467
18.28 -8.30595899195853
18.29 -8.37528040042181
18.3 -8.44327925502055
18.31 -8.50994481794733
18.32 -8.57526656193694
18.33 -8.63923417192877
18.34 -8.70183754669566
18.35 -8.76306680043905
18.36 -8.82291226434995
18.37 -8.88136448813586
18.38 -8.93841424151304
18.39 -8.99405251566412
18.4 -9.0482705246606
18.41 -9.10105970685036
18.42 -9.15241172620957
18.43 -9.2023184736591
18.44 -9.25077206834497
18.45 -9.2977648588829
18.46 -9.34328942456651
18.47 -9.38733857653911
18.48 -9.42990535892901
18.49 -9.47098304994781
18.5 -9.5105651629519
18.51 -9.54864544746677
18.52 -9.5852178901741
18.53 -9.62027671586119
18.54 -9.65381638833306
18.55 -9.68583161128663
18.56 -9.71631732914704
18.57 -9.74526872786606
18.58 -9.77268123568221
18.59 -9.79855052384274
18.6 -9.82287250728714
18.61 -9.84564334529229
18.62 -9.86685944207891
18.63 -9.88651744737935
18.64 -9.90461425696671
18.65 -9.92114701314496
18.66 -9.93611310520025
18.67 -9.94951016981315
18.68 -9.96133609143186
18.69 -9.97158900260625
18.7 -9.98026728428281
18.71 -9.98736956606025
18.72 -9.99289472640595
18.73 -9.99684189283304
18.74 -9.99921044203818
18.75 -10
18.76 -9.99921044203814
18.77 -9.99684189283296
18.78 -9.99289472640583
18.79 -9.98736956606009
18.8 -9.98026728428261
18.81 -9.97158900260601
18.82 -9.96133609143157
18.83 -9.94951016981282
18.84 -9.93611310519988
18.85 -9.92114701314455
18.86 -9.90461425696626
18.87 -9.88651744737886
18.88 -9.86685944207837
18.89 -9.84564334529172
18.9 -9.82287250728652
18.91 -9.79855052384208
18.92 -9.77268123568152
18.93 -9.74526872786532
18.94 -9.71631732914626
18.95 -9.68583161128581
18.96 -9.6538163883322
18.97 -9.62027671586029
18.98 -9.58521789017316
18.99 -9.5486454474658
19 -9.51056516295088
19.01 -9.47098304994675
19.02 -9.42990535892792
19.03 -9.38733857653798
19.04 -9.34328942456534
19.05 -9.2977648588817
19.06 -9.25077206834372
19.07 -9.20231847365781
19.08 -9.15241172620825
19.09 -9.101059706849
19.1 -9.0482705246592
19.11 -8.99405251566268
19.12 -8.93841424151157
19.13 -8.88136448813435
19.14 -8.8229122643484
19.15 -8.76306680043746
19.16 -8.70183754669404
19.17 -8.63923417192712
19.18 -8.57526656193525
19.19 -8.5099448179456
19.2 -8.44327925501879
19.21 -8.37528040042002
19.22 -8.3059589919567
19.23 -8.23532597628281
19.24 -8.16339250717033
19.25 -8.09016994374792
19.26 -8.01566984870719
19.27 -7.93990398647674
19.28 -7.86288432136453
19.29 -7.78462301566853
19.3 -7.70513242775615
19.31 -7.62442511011271
19.32 -7.54251380735923
19.33 -7.45941145423997
19.34 -7.37513117357984
19.35 -7.28968627421219
19.36 -7.2030902488771
19.37 -7.11535677209084
19.38 -7.02649969798643
19.39 -6.93653305812597
19.4 -6.84547105928476
19.41 -6.75332808120808
19.42 -6.6601186743403
19.43 -6.56585755752731
19.44 -6.47055961569217
19.45 -6.37423989748457
19.46 -6.27691361290464
19.47 -6.17859613090093
19.48 -6.07930297694362
19.49 -5.97904983057271
19.5 -5.87785252292221
19.51 -5.77572703422011
19.52 -5.67268949126495
19.53 -5.56875616487925
19.54 -5.46394346734002
19.55 -5.35826794978725
19.56 -5.25174629961019
19.57 -5.14439533781229
19.58 -5.03623201635479
19.59 -4.92727341548005
19.6 -4.81753674101424
19.61 -4.7070393216504
19.62 -4.59579860621191
19.63 -4.48383216089731
19.64 -4.37115766650627
19.65 -4.25779291564763
19.66 -4.14375580992973
19.67 -4.02906435713347
19.68 -3.91373666836883
19.69 -3.79779095521477
19.7 -3.68124552684353
19.71 -3.56411878712922
19.72 -3.44642923174184
19.73 -3.32819544522649
19.74 -3.20943609806868
19.75 -3.09016994374605
19.76 -2.97041581576689
19.77 -2.85019262469626
19.78 -2.72951935516971
19.79 -2.60841506289542
19.8 -2.48689887164496
19.81 -2.36498997023363
19.82 -2.24270760949015
19.83 -2.12007109921688
19.84 -1.99709980514037
19.85 -1.87381314585351
19.86 -1.75023058974899
19.87 -1.62637165194503
19.88 -1.50225589120376
19.89 -1.37790290684254
19.9 -1.25333233563917
19.91 -1.12856384873091
19.92 -1.00361714850824
19.93 -0.878511965503494
19.94 -0.753268055275358
19.95 -0.627905195289133
19.96 -0.502443181793665
19.97 -0.37690182669532
19.98 -0.25130095442932
19.99 -0.125660398829443
20 4.111351016578E-12
20.01 0.125660398837629
20.02 0.251300954437505
20.03 0.376901826703501
20.04 0.502443181801877
20.05 0.627905195297304
20.06 0.753268055283522
20.07 0.87851196551165
20.08 1.00361714851639
20.09 1.12856384873908
20.1 1.25333233564729
20.11 1.37790290685065
20.12 1.50225589121186
20.13 1.62637165195314
20.14 1.75023058975705
20.15 1.87381314586155
20.16 1.99709980514839
20.17 2.12007109922489
20.18 2.24270760949817
20.19 2.36498997024158
20.2 2.48689887165289
20.21 2.60841506290333
20.22 2.72951935517762
20.23 2.85019262470411
20.24 2.97041581577471
20.25 3.09016994375384
20.26 3.20943609807647
20.27 3.32819544523421
20.28 3.44642923174952
20.29 3.56411878713687
20.3 3.68124552685114
20.31 3.79779095522238
20.32 3.91373666837636
20.33 4.02906435714097
20.34 4.14375580993718
20.35 4.25779291565507
20.36 4.37115766651364
20.37 4.48383216090463
20.38 4.59579860621918
20.39 4.70703932165763
20.4 4.81753674102145
20.41 4.92727341548717
20.42 5.03623201636186
20.43 5.14439533781931
20.44 5.25174629961719
20.45 5.35826794979416
20.46 5.46394346734687
20.47 5.56875616488605
20.48 5.67268949127172
20.49 5.77572703422679
20.5 5.87785252292883
20.51 5.97904983057927
20.52 6.07930297695012
20.53 6.1785961309074
20.54 6.27691361291101
20.55 6.37423989749088
20.56 6.47055961569841
20.57 6.56585755753351
20.58 6.66011867434641
20.59 6.75332808121412
20.6 6.84547105929073
20.61 6.93653305813187
20.62 7.02649969799229
20.63 7.11535677209659
20.64 7.20309024888278
20.65 7.2896862742178
20.66 7.37513117358539
20.67 7.45941145424542
20.68 7.5425138073646
20.69 7.62442511011801
20.7 7.70513242776139
20.71 7.78462301567367
20.72 7.86288432136959
20.73 7.93990398648172
20.74 8.01566984871209
20.75 8.09016994375276
20.76 8.16339250717506
20.77 8.23532597628745
20.78 8.30595899196126
20.79 8.37528040042451
20.8 8.44327925502318
20.81 8.5099448179499
20.82 8.57526656193946
20.83 8.63923417193124
20.84 8.7018375466981
20.85 8.76306680044141
20.86 8.82291226435225
20.87 8.88136448813812
20.88 8.93841424151526
20.89 8.99405251566626
20.9 9.04827052466269
20.91 9.1010597068524
20.92 9.15241172621156
20.93 9.20231847366102
20.94 9.25077206834683
20.95 9.29776485888471
20.96 9.34328942456825
20.97 9.38733857654081
20.98 9.42990535893065
20.99 9.47098304994938
21 9.51056516295341
21.01 9.54864544746824
21.02 9.58521789017549
21.03 9.62027671586253
21.04 9.65381638833434
21.05 9.68583161128785
21.06 9.7163173291482
21.07 9.74526872786716
21.08 9.77268123568325
21.09 9.79855052384372
21.1 9.82287250728806
21.11 9.84564334529315
21.12 9.8668594420797
21.13 9.88651744738009
21.14 9.90461425696739
21.15 9.92114701314557
21.16 9.9361131052008
21.17 9.94951016981364
21.18 9.96133609143229
21.19 9.97158900260663
21.2 9.98026728428312
21.21 9.9873695660605
21.22 9.99289472640614
21.23 9.99684189283316
21.24 9.99921044203824
21.25 10
21.26 9.99921044203808
21.27 9.99684189283283
21.28 9.99289472640564
21.29 9.98736956605984
21.3 9.9802672842823
21.31 9.97158900260564
21.32 9.96133609143114
21.33 9.94951016981233
21.34 9.93611310519933
21.35 9.92114701314393
21.36 9.90461425696558
21.37 9.88651744737812
21.38 9.86685944207757
21.39 9.84564334529086
21.4 9.8228725072856
21.41 9.79855052384109
21.42 9.77268123568048
21.43 9.74526872786422
21.44 9.7163173291451
21.45 9.68583161128458
21.46 9.65381638833093
21.47 9.62027671585895
21.48 9.58521789017176
21.49 9.54864544746434
21.5 9.51056516294935
21.51 9.47098304994518
21.52 9.42990535892629
21.53 9.38733857653629
21.54 9.34328942456358
21.55 9.29776485887989
21.56 9.25077206834186
21.57 9.20231847365589
21.58 9.15241172620627
21.59 9.10105970684696
21.6 9.04827052465712
21.61 8.99405251566054
21.62 8.93841424150937
21.63 8.88136448813208
21.64 8.82291226434609
21.65 8.7630668004351
21.66 8.70183754669163
21.67 8.63923417192463
21.68 8.57526656193273
21.69 8.50994481794303
21.7 8.44327925501617
21.71 8.37528040041734
21.72 8.30595899195395
21.73 8.23532597628003
21.74 8.1633925071675
21.75 8.09016994374504
21.76 8.01566984870424
21.77 7.93990398647376
21.78 7.8628843213615
21.79 7.78462301566545
21.8 7.70513242775302
21.81 7.62442511010952
21.82 7.54251380735601
21.83 7.4594114542367
21.84 7.37513117357653
21.85 7.28968627420881
21.86 7.2030902488737
21.87 7.1153567720874
21.88 7.02649969798295
21.89 6.93653305812242
21.9 6.84547105928119
21.91 6.75332808120446
21.92 6.66011867433665
21.93 6.56585755752361
21.94 6.4705596156884
21.95 6.3742398974808
21.96 6.27691361290082
21.97 6.17859613089708
21.98 6.0793029769397
21.99 5.97904983056878
22 5.87785252291824
22.01 5.77572703421611
22.02 5.67268949126092
22.03 5.56875616487515
22.04 5.46394346733591
22.05 5.35826794978311
22.06 5.25174629960602
22.07 5.14439533780805
22.08 5.03623201635055
22.09 4.92727341547578
22.1 4.81753674100995
22.11 4.70703932164604
22.12 4.59579860620756
22.13 4.48383216089293
22.14 4.37115766650186
22.15 4.25779291564319
22.16 4.14375580992524
22.17 4.02906435712899
22.18 3.91373666836432
22.19 3.79779095521024
22.2 3.68124552683894
22.21 3.56411878712464
22.22 3.44642923173724
22.23 3.32819544522187
22.24 3.20943609806404
22.25 3.09016994374136
22.26 2.97041581576221
22.27 2.85019262469156
22.28 2.729519355165
22.29 2.60841506289066
22.3 2.48689887164022
22.31 2.36498997022886
22.32 2.24270760948538
22.33 2.12007109921206
22.34 1.99709980513557
22.35 1.8738131458487
22.36 1.75023058974416
22.37 1.62637165194019
22.38 1.50225589119888
22.39 1.37790290683769
22.4 1.25333233563431
22.41 1.12856384872604
22.42 1.00361714850333
22.43 0.878511965498612
22.44 0.75326805527047
22.45 0.627905195284241
22.46 0.502443181788769
22.47 0.376901826690386
22.48 0.25130095442442
22.49 0.125660398824542
22.5 -9.01287128696887E-12
22.51 -0.125660398842566
22.52 -0.251300954442405
22.53 -0.376901826708399
22.54 -0.502443181806772
22.55 -0.627905195302232
22.56 -0.753268055288409
22.57 -0.878511965516532
22.58 -1.00361714852127
22.59 -1.12856384874395
22.6 -1.25333233565219
22.61 -1.3779029068555
22.62 -1.5022558912167
22.63 -1.62637165195798
22.64 -1.75023058976191
22.65 -1.87381314586637
22.66 -1.9970998051532
22.67 -2.12007109922968
22.68 -2.24270760950294
22.69 -2.36498997024638
22.7 -2.48689887165764
22.71 -2.60841506290806
22.72 -2.72951935518234
22.73 -2.85019262470884
22.74 -2.97041581577939
22.75 -3.0901699437585
22.76 -3.20943609808111
22.77 -3.32819544523887
22.78 -3.44642923175413
22.79 -3.56411878714145
22.8 -3.6812455268557
22.81 -3.79779095522691
22.82 -3.9137366683809
22.83 -4.02906435714545
22.84 -4.14375580994164
22.85 -4.2577929156595
22.86 -4.37115766651808
22.87 -4.48383216090901
22.88 -4.59579860622353
22.89 -4.70703932166195
22.9 -4.81753674102574
22.91 -4.92727341549147
22.92 -5.03623201636609
22.93 -5.14439533782351
22.94 -5.25174629962136
22.95 -5.35826794979833
22.96 -5.46394346735098
22.97 -5.56875616489012
22.98 -5.67268949127576
22.99 -5.77572703423082
23 -5.8778525229328
23.01 -5.9790498305832
23.02 -6.07930297695401
23.03 -6.17859613091125
23.04 -6.27691361291485
23.05 -6.37423989749466
23.06 -6.47055961570215
23.07 -6.56585755753721
23.08 -6.66011867435009
23.09 -6.75332808121773
23.1 -6.84547105929431
23.11 -6.9365330581354
23.12 -7.02649969799577
23.13 -7.11535677210006
23.14 -7.20309024888618
23.15 -7.28968627422115
23.16 -7.3751311735887
23.17 -7.45941145424871
23.18 -7.54251380736782
23.19 -7.62442511012118
23.2 -7.70513242776451
23.21 -7.78462301567677
23.22 -7.86288432137262
23.23 -7.9399039864847
23.24 -8.01566984871502
23.25 -8.09016994375564
23.26 -8.16339250717791
23.27 -8.23532597629023
23.28 -8.30595899196399
23.29 -8.37528040042719
23.3 -8.44327925502582
23.31 -8.50994481795248
23.32 -8.57526656194198
23.33 -8.63923417193371
23.34 -8.70183754670051
23.35 -8.76306680044379
23.36 -8.82291226435456
23.37 -8.88136448814037
23.38 -8.93841424151745
23.39 -8.99405251566842
23.4 -9.04827052466478
23.41 -9.10105970685443
23.42 -9.15241172621353
23.43 -9.20231847366295
23.44 -9.2507720683487
23.45 -9.29776485888651
23.46 -9.34328942457
23.47 -9.3873385765425
23.48 -9.42990535893229
23.49 -9.47098304995095
23.5 -9.51056516295493
23.51 -9.5486454474697
23.52 -9.5852178901769
23.53 -9.62027671586386
23.54 -9.65381638833562
23.55 -9.68583161128906
23.56 -9.71631732914936
23.57 -9.74526872786827
23.58 -9.77268123568429
23.59 -9.79855052384469
23.6 -9.82287250728898
23.61 -9.84564334529401
23.62 -9.8668594420805
23.63 -9.88651744738083
23.64 -9.90461425696806
23.65 -9.92114701314619
23.66 -9.93611310520136
23.67 -9.94951016981414
23.68 -9.96133609143272
23.69 -9.97158900260699
23.7 -9.98026728428343
23.71 -9.98736956606075
23.72 -9.99289472640632
23.73 -9.99684189283329
23.74 -9.99921044203831
23.75 -10
23.76 -9.99921044203802
23.77 -9.99684189283271
23.78 -9.99289472640546
23.79 -9.98736956605959
23.8 -9.98026728428199
23.81 -9.97158900260527
23.82 -9.9613360914307
23.83 -9.94951016981183
23.84 -9.93611310519877
23.85 -9.92114701314332
23.86 -9.9046142569649
23.87 -9.88651744737738
23.88 -9.86685944207677
23.89 -9.84564334529
23.9 -9.82287250728468
23.91 -9.79855052384012
23.92 -9.77268123567943
23.93 -9.74526872786312
23.94 -9.71631732914394
23.95 -9.68583161128336
23.96 -9.65381638832964
23.97 -9.62027671585762
23.98 -9.58521789017037
23.99 -9.54864544746289
24 -9.51056516294784
24.01 -9.47098304994359
24.02 -9.42990535892466
24.03 -9.3873385765346
24.04 -9.34328942456183
24.05 -9.29776485887807
24.06 -9.25077206834
24.07 -9.20231847365397
24.08 -9.1524117262043
24.09 -9.10105970684493
24.1 -9.04827052465502
24.11 -8.9940525156584
24.12 -8.93841424150717
24.13 -8.88136448812983
24.14 -8.82291226434377
24.15 -8.76306680043274
24.16 -8.70183754668922
24.17 -8.63923417192216
24.18 -8.57526656193019
24.19 -8.50994481794045
24.2 -8.44327925501354
24.21 -8.37528040041466
24.22 -8.30595899195123
24.23 -8.23532597627723
24.24 -8.16339250716467
24.25 -8.09016994374216
24.26 -8.01566984870131
24.27 -7.93990398647076
24.28 -7.86288432135847
24.29 -7.78462301566238
24.3 -7.7051324277499
24.31 -7.62442511010634
24.32 -7.54251380735277
24.33 -7.45941145423344
24.34 -7.37513117357322
24.35 -7.28968627420546
24.36 -7.20309024887028
24.37 -7.11535677208395
24.38 -7.02649969797946
24.39 -6.93653305811889
24.4 -6.84547105927759
24.41 -6.75332808120085
24.42 -6.66011867433299
24.43 -6.56585755751991
24.44 -6.47055961568466
24.45 -6.37423989747699
24.46 -6.27691361289701
24.47 -6.17859613089322
24.48 -6.07930297693581
24.49 -5.97904983056483
24.5 -5.87785252291428
24.51 -5.77572703421211
24.52 -5.67268949125688
24.53 -5.56875616487108
24.54 -5.46394346733178
24.55 -5.35826794977897
24.56 -5.25174629960185
24.57 -5.14439533780385
24.58 -5.03623201634629
24.59 -4.92727341547152
24.6 -4.81753674100565
24.61 -4.70703932164172
24.62 -4.59579860620317
24.63 -4.48383216088855
24.64 -4.37115766649746
24.65 -4.25779291563876
24.66 -4.14375580992078
24.67 -4.02906435712447
24.68 -3.91373666835981
24.69 -3.7977909552057
24.7 -3.68124552683438
24.71 -3.56411878712002
24.72 -3.44642923173264
24.73 -3.32819544521725
24.74 -3.2094360980594
24.75 -3.0901699437367
24.76 -2.97041581575749
24.77 -2.85019262468686
24.78 -2.72951935516028
24.79 -2.60841506288593
24.8 -2.48689887163544
24.81 -2.3649899702241
24.82 -2.2427076094806
24.83 -2.12007109920727
24.84 -1.99709980513073
24.85 -1.87381314584388
24.86 -1.75023058973934
24.87 -1.62637165193536
24.88 -1.50225589119404
24.89 -1.3779029068328
24.9 -1.25333233562944
24.91 -1.12856384872117
24.92 -1.00361714849845
24.93 -0.878511965493694
24.94 -0.753268055265583
24.95 -0.62790519527935
24.96 -0.502443181783874
24.97 -0.376901826685488
24.98 -0.251300954419485
24.99 -0.125660398819641
25 1.39143915573597E-11
25.01 0.125660398847467
25.02 0.25130095444734
25.03 0.376901826713297
25.04 0.502443181811668
25.05 0.627905195307124
25.06 0.753268055293332
25.07 0.878511965521415
25.08 1.00361714852614
25.09 1.12856384874882
25.1 1.25333233565705
25.11 1.37790290686039
25.12 1.50225589122155
25.13 1.62637165196282
25.14 1.75023058976674
25.15 1.87381314587122
25.16 1.997099805158
25.17 2.12007109923447
25.18 2.24270760950772
25.19 2.36498997025114
25.2 2.48689887166242
25.21 2.60841506291279
25.22 2.72951935518705
25.23 2.85019262471354
25.24 2.9704158157841
25.25 3.09016994376316
25.26 3.20943609808575
25.27 3.32819544524349
25.28 3.44642923175876
25.29 3.56411878714603
25.3 3.68124552686026
25.31 3.79779095523145
25.32 3.91373666838542
25.33 4.02906435714997
25.34 4.1437558099461
25.35 4.25779291566394
25.36 4.37115766652249
25.37 4.48383216091342
25.38 4.59579860622789
25.39 4.70703932166627
25.4 4.81753674103004
25.41 4.92727341549573
25.42 5.03623201637036
25.43 5.14439533782771
25.44 5.25174629962553
25.45 5.35826794980247
25.46 5.46394346735512
25.47 5.56875616489419
25.48 5.67268949127983
25.49 5.77572703423482
25.5 5.87785252293676
25.51 5.97904983058716
25.52 6.07930297695791
25.53 6.17859613091513
25.54 6.27691361291867
25.55 6.37423989749844
25.56 6.47055961570591
25.57 6.5658575575409
25.58 6.66011867435372
25.59 6.75332808122137
25.6 6.84547105929788
25.61 6.93653305813896
25.62 7.02649969799926
25.63 7.11535677210348
25.64 7.20309024888961
25.65 7.28968627422451
25.66 7.37513117359203
25.67 7.45941145425197
25.68 7.54251380737104
25.69 7.62442511012437
25.7 7.70513242776764
25.71 7.78462301567982
25.72 7.86288432137567
25.73 7.93990398648767
25.74 8.01566984871797
25.75 8.09016994375852
25.76 8.16339250718072
25.77 8.23532597629304
25.78 8.30595899196672
25.79 8.37528040042988
25.8 8.44327925502845
25.81 8.50994481795505
25.82 8.57526656194452
25.83 8.63923417193618
25.84 8.70183754670291
25.85 8.76306680044615
25.86 8.82291226435687
25.87 8.88136448814264
25.88 8.93841424151965
25.89 8.99405251567054
25.9 9.04827052466688
25.91 9.10105970685646
25.92 9.15241172621552
25.93 9.20231847366487
25.94 9.25077206835056
25.95 9.29776485888833
25.96 9.34328942457175
25.97 9.38733857654421
25.98 9.42990535893392
25.99 9.47098304995253
26 9.51056516295645
26.01 9.54864544747115
26.02 9.58521789017829
26.03 9.62027671586521
26.04 9.6538163883369
26.05 9.68583161129029
26.06 9.71631732915052
26.07 9.74526872786936
26.08 9.77268123568534
26.09 9.79855052384567
26.1 9.82287250728991
26.11 9.84564334529487
26.12 9.8668594420813
26.13 9.88651744738157
26.14 9.90461425696874
26.15 9.9211470131468
26.16 9.93611310520191
26.17 9.94951016981463
26.18 9.96133609143315
26.19 9.97158900260736
26.2 9.98026728428374
26.21 9.98736956606099
26.22 9.99289472640651
26.23 9.99684189283341
26.24 9.99921044203837
26.25 10
26.26 9.99921044203795
26.27 9.99684189283259
26.28 9.99289472640527
26.29 9.98736956605935
26.3 9.98026728428168
26.31 9.9715890026049
26.32 9.96133609143028
26.33 9.94951016981135
26.34 9.93611310519822
26.35 9.9211470131427
26.36 9.90461425696422
26.37 9.88651744737665
26.38 9.86685944207598
26.39 9.84564334528914
26.4 9.82287250728377
26.41 9.79855052383913
26.42 9.77268123567839
26.43 9.74526872786203
26.44 9.71631732914277
26.45 9.68583161128214
26.46 9.65381638832837
26.47 9.62027671585627
26.48 9.58521789016897
26.49 9.54864544746142
26.5 9.51056516294632
26.51 9.47098304994203
26.52 9.42990535892301
26.53 9.38733857653291
26.54 9.34328942456007
26.55 9.29776485887627
26.56 9.25077206833814
26.57 9.20231847365204
26.58 9.15241172620232
26.59 9.10105970684291
26.6 9.04827052465293
26.61 8.99405251565625
26.62 8.93841424150496
26.63 8.88136448812758
26.64 8.82291226434148
26.65 8.76306680043036
26.66 8.7018375466868
26.67 8.63923417191968
26.68 8.57526656192766
26.69 8.50994481793788
26.7 8.44327925501089
26.71 8.37528040041198
26.72 8.30595899194848
26.73 8.23532597627445
26.74 8.16339250716184
26.75 8.09016994373926
26.76 8.01566984869838
26.77 7.9399039864678
26.78 7.86288432135542
26.79 7.7846230156593
26.8 7.70513242774675
26.81 7.62442511010317
26.82 7.54251380734957
26.83 7.45941145423015
26.84 7.37513117356991
26.85 7.28968627420208
26.86 7.20309024886688
26.87 7.11535677208051
26.88 7.02649969797595
26.89 6.93653305811536
26.9 6.84547105927405
26.91 6.75332808119721
26.92 6.66011867432934
26.93 6.56585755751619
26.94 6.47055961568093
26.95 6.37423989747325
26.96 6.27691361289316
26.97 6.17859613088937
26.98 6.07930297693189
26.99 5.9790498305609
27 5.87785252291031
27.01 5.77572703420808
27.02 5.67268949125284
27.03 5.56875616486704
27.04 5.46394346732767
27.05 5.35826794977483
27.06 5.25174629959765
27.07 5.14439533779965
27.08 5.03623201634208
27.09 4.92727341546722
27.1 4.81753674100136
27.11 4.70703932163736
27.12 4.59579860619882
27.13 4.48383216088417
27.14 4.37115766649302
27.15 4.25779291563432
27.16 4.14375580991628
27.17 4.02906435711998
27.18 3.9137366683553
27.19 3.79779095520114
27.2 3.68124552682983
27.21 3.56411878711548
27.22 3.446429231728
27.23 3.32819544521263
27.24 3.20943609805472
27.25 3.09016994373204
27.26 2.97041581575285
27.27 2.85019262468213
27.28 2.72951935515557
27.29 2.60841506288116
27.3 2.48689887163069
27.31 2.36498997021934
27.32 2.24270760947579
27.33 2.12007109920248
27.34 1.99709980512596
27.35 1.87381314583903
27.36 1.75023058973451
27.37 1.62637165193049
27.38 1.50225589118919
27.39 1.37790290682798
27.4 1.25333233562454
27.41 1.1285638487163
27.42 1.00361714849354
27.43 0.878511965488811
27.44 0.753268055260695
27.45 0.627905195274422
27.46 0.502443181778979
27.47 0.376901826680626
27.48 0.251300954414585
27.49 0.125660398814739
27.5 -1.88514389645386E-11
27.51 -0.125660398852368
27.52 -0.251300954452205
27.53 -0.376901826718231
27.54 -0.502443181816563
27.55 -0.627905195312051
27.56 -0.75326805529822
27.57 -0.878511965526297
27.58 -1.00361714853105
27.59 -1.12856384875369
27.6 -1.25333233566195
27.61 -1.37790290686525
27.62 -1.5022558912264
27.63 -1.62637165196769
27.64 -1.75023058977156
27.65 -1.873813145876
27.66 -1.99709980516284
27.67 -2.12007109923926
27.68 -2.24270760951253
27.69 -2.3649899702559
27.7 -2.48689887166714
27.71 -2.60841506291756
27.72 -2.72951935519177
27.73 -2.85019262471827
27.74 -2.97041581578878
27.75 -3.09016994376783
27.76 -3.20943609809043
27.77 -3.32819544524811
27.78 -3.44642923176333
27.79 -3.56411878715064
27.8 -3.68124552686482
27.81 -3.79779095523601
27.82 -3.91373666838993
27.83 -4.02906435715442
27.84 -4.1437558099506
27.85 -4.25779291566837
27.86 -4.37115766652693
27.87 -4.4838321609178
27.88 -4.59579860623224
27.89 -4.70703932167063
27.9 -4.81753674103433
27.91 -4.92727341549997
27.92 -5.03623201637459
27.93 -5.14439533783192
27.94 -5.25174629962974
27.95 -5.35826794980661
27.96 -5.46394346735919
27.97 -5.5687561648983
27.98 -5.67268949128383
27.99 -5.77572703423885
28 -5.87785252294076
28.01 -5.97904983059106
28.02 -6.07930297696183
28.03 -6.17859613091896
28.04 -6.27691361292251
28.05 -6.37423989750224
28.06 -6.47055961570962
28.07 -6.56585755754463
28.08 -6.66011867435741
28.09 -6.75332808122496
28.1 -6.84547105930148
28.11 -6.93653305814246
28.12 -7.02649969800277
28.13 -7.11535677210695
28.14 -7.20309024889298
28.15 -7.28968627422789
28.16 -7.37513117359532
28.17 -7.45941145425526
28.18 -7.54251380737428
28.19 -7.62442511012752
28.2 -7.70513242777078
28.21 -7.78462301568292
28.22 -7.86288432137867
28.23 -7.93990398649068
28.24 -8.01566984872088
28.25 -8.09016994376142
28.26 -8.16339250718358
28.27 -8.2353259762958
28.28 -8.30595899196947
28.29 -8.37528040043254
28.3 -8.4432792550311
28.31 -8.50994481795764
28.32 -8.57526656194702
28.33 -8.63923417193867
28.34 -8.70183754670534
28.35 -8.76306680044849
28.36 -8.82291226435919
28.37 -8.88136448814487
28.38 -8.93841424152187
28.39 -8.9940525156727
28.4 -9.04827052466895
28.41 -9.1010597068585
28.42 -9.15241172621748
28.43 -9.2023184736668
28.44 -9.25077206835243
28.45 -9.29776485889012
28.46 -9.34328942457351
28.47 -9.38733857654588
28.48 -9.42990535893556
28.49 -9.47098304995411
28.5 -9.51056516295795
28.51 -9.54864544747262
28.52 -9.5852178901797
28.53 -9.62027671586654
28.54 -9.65381638833819
28.55 -9.6858316112915
28.56 -9.71631732915169
28.57 -9.74526872787047
28.58 -9.77268123568637
28.59 -9.79855052384666
28.6 -9.82287250729082
28.61 -9.84564334529574
28.62 -9.8668594420821
28.63 -9.8865174473823
28.64 -9.90461425696942
28.65 -9.92114701314742
28.66 -9.93611310520246
28.67 -9.94951016981512
28.68 -9.96133609143358
28.69 -9.97158900260774
28.7 -9.98026728428405
28.71 -9.98736956606124
28.72 -9.99289472640669
28.73 -9.99684189283353
28.74 -9.99921044203843
28.75 -10
28.76 -9.99921044203789
28.77 -9.99684189283246
28.78 -9.99289472640509
28.79 -9.9873695660591
28.8 -9.98026728428137
28.81 -9.97158900260453
28.82 -9.96133609142984
28.83 -9.94951016981085
28.84 -9.93611310519767
28.85 -9.92114701314209
28.86 -9.90461425696355
28.87 -9.8865174473759
28.88 -9.86685944207518
28.89 -9.84564334528829
28.9 -9.82287250728284
28.91 -9.79855052383816
28.92 -9.77268123567734
28.93 -9.74526872786092
28.94 -9.71631732914162
28.95 -9.68583161128091
28.96 -9.65381638832708
28.97 -9.62027671585494
28.98 -9.58521789016756
28.99 -9.54864544745997
29 -9.5105651629448
29.01 -9.47098304994045
29.02 -9.42990535892139
29.03 -9.38733857653121
29.04 -9.34328942455834
29.05 -9.29776485887445
29.06 -9.25077206833626
29.07 -9.20231847365014
29.08 -9.15241172620033
29.09 -9.10105970684086
29.1 -9.04827052465086
29.11 -8.9940525156541
29.12 -8.93841424150278
29.13 -8.88136448812531
29.14 -8.82291226433916
29.15 -8.76306680042802
29.16 -8.70183754668437
29.17 -8.63923417191723
29.18 -8.57526656192512
29.19 -8.50994481793529
29.2 -8.44327925500829
29.21 -8.37528040040928
29.22 -8.30595899194577
29.23 -8.23532597627165
29.24 -8.16339250715899
29.25 -8.0901699437364
29.26 -8.01566984869543
29.27 -7.9399039864648
29.28 -7.86288432135242
29.29 -7.7846230156562
29.3 -7.70513242774365
29.31 -7.62442511009998
29.32 -7.54251380734633
29.33 -7.45941145422691
29.34 -7.37513117356657
29.35 -7.28968627419875
29.36 -7.20309024886345
29.37 -7.11535677207704
29.38 -7.02649969797248
29.39 -6.9365330581118
29.4 -6.84547105927045
29.41 -6.75332808119362
29.42 -6.66011867432565
29.43 -6.56585755751252
29.44 -6.47055961567716
29.45 -6.37423989746944
29.46 -6.27691361288937
29.47 -6.17859613088549
29.48 -6.07930297692803
29.49 -5.97904983055694
29.5 -5.87785252290632
29.51 -5.7757270342041
29.52 -5.67268949124878
29.53 -5.56875616486294
29.54 -5.4639434673236
29.55 -5.35826794977066
29.56 -5.25174629959351
29.57 -5.14439533779541
29.58 -5.03623201633782
29.59 -4.92727341546299
29.6 -4.81753674099703
29.61 -4.70703932163307
29.62 -4.59579860619443
29.63 -4.48383216087975
29.64 -4.37115766648864
29.65 -4.25779291562985
29.66 -4.14375580991185
29.67 -4.02906435711546
29.68 -3.91373666835075
29.69 -3.79779095519663
29.7 -3.68124552682524
29.71 -3.56411878711087
29.72 -3.44642923172343
29.73 -3.32819544520797
29.74 -3.20943609805011
29.75 -3.09016994372734
29.76 -2.97041581574813
29.77 -2.85019262467747
29.78 -2.72951935515082
29.79 -2.60841506287646
29.8 -2.48689887162591
29.81 -2.36498997021454
29.82 -2.24270760947105
29.83 -2.12007109919765
29.84 -1.99709980512113
29.85 -1.87381314583425
29.86 -1.75023058972965
29.87 -1.62637165192568
29.88 -1.50225589118431
29.89 -1.37790290682309
29.9 -1.25333233561972
29.91 -1.12856384871139
29.92 -1.0036171484887
29.93 -0.878511965483893
29.94 -0.753268055255772
29.95 -0.627905195269566
29.96 -0.502443181774048
29.97 -0.376901826675692
29.98 -0.25130095440972
29.99 -0.125660398809803
