0
0.01
True
0 0
0.01 0.314107590781283
0.02 0.627905195293134
0.03 0.941083133185143
0.04 1.25333233564304
0.05 1.56434465040231
0.06 1.87381314585725
0.07 2.18143241396543
0.08 2.48689887164855
0.09 2.78991106039229
0.1 3.09016994374947
0.11 3.38737920245291
0.12 3.68124552684678
0.13 3.97147890634781
0.14 4.25779291565073
0.15 4.53990499739547
0.16 4.81753674101715
0.17 5.09041415750371
0.18 5.35826794978997
0.19 5.62083377852131
0.2 5.87785252292473
0.21 6.12907053652977
0.22 6.3742398974869
0.23 6.61311865323652
0.24 6.84547105928689
0.25 7.07106781186548
0.26 7.28968627421412
0.27 7.5011106963046
0.28 7.70513242775789
0.29 7.90155012375691
0.3 8.09016994374948
0.31 8.27080574274562
0.32 8.44327925502015
0.33 8.60742027003944
0.34 8.76306680043864
0.35 8.91006524188368
0.36 9.0482705246602
0.37 9.17754625683981
0.38 9.29776485888252
0.39 9.40880768954226
0.4 9.51056516295154
0.41 9.60293685676943
0.42 9.68583161128631
0.43 9.75916761938748
0.44 9.82287250728689
0.45 9.87688340595138
0.46 9.92114701314478
0.47 9.9556196460308
0.48 9.98026728428272
0.49 9.99506560365732
0.5 10
0.51 9.99506560365731
0.52 9.98026728428272
0.53 9.9556196460308
0.54 9.92114701314478
0.55 9.87688340595138
0.56 9.82287250728688
0.57 9.75916761938747
0.58 9.68583161128631
0.59 9.60293685676943
0.6 9.51056516295153
0.61 9.40880768954225
0.62 9.29776485888251
0.63 9.17754625683981
0.64 9.04827052466019
0.65 8.91006524188367
0.66 8.76306680043863
0.67 8.60742027003943
0.68 8.44327925502014
0.69 8.27080574274561
0.7 8.09016994374947
0.71 7.9015501237569
0.72 7.70513242775788
0.73 7.50111069630459
0.74 7.28968627421411
0.75 7.07106781186547
0.76 6.84547105928688
0.77 6.61311865323651
0.78 6.37423989748689
0.79 6.12907053652975
0.8 5.87785252292472
0.81 5.62083377852129
0.82 5.35826794978996
0.83 5.0904141575037
0.84 4.81753674101714
0.85 4.53990499739545
0.86 4.25779291565071
0.87 3.97147890634779
0.88 3.68124552684677
0.89 3.3873792024529
0.9 3.09016994374946
0.91 2.78991106039227
0.92 2.48689887164853
0.93 2.18143241396541
0.94 1.87381314585723
0.95 1.56434465040229
0.96 1.25333233564302
0.97 0.941083133185126
0.98 0.627905195293114
0.99 0.314107590781265
1 -2.09798541386808E-14
1.01 -0.314107590781302
1.02 -0.627905195293156
1.03 -0.941083133185163
1.04 -1.25333233564307
1.05 -1.56434465040233
1.06 -1.87381314585727
1.07 -2.18143241396545
1.08 -2.48689887164857
1.09 -2.78991106039231
1.1 -3.09016994374949
1.11 -3.38737920245294
1.12 -3.6812455268468
1.13 -3.97147890634783
1.14 -4.25779291565075
1.15 -4.53990499739549
1.16 -4.81753674101717
1.17 -5.09041415750374
1.18 -5.35826794978999
1.19 -5.62083377852133
1.2 -5.87785252292475
1.21 -6.12907053652978
1.22 -6.37423989748692
1.23 -6.61311865323654
1.24 -6.84547105928691
1.25 -7.07106781186549
1.26 -7.28968627421413
1.27 -7.50111069630461
1.28 -7.70513242775791
1.29 -7.90155012375692
1.3 -8.09016994374949
1.31 -8.27080574274564
1.32 -8.44327925502017
1.33 -8.60742027003945
1.34 -8.76306680043865
1.35 -8.91006524188369
1.36 -9.04827052466021
1.37 -9.17754625683982
1.38 -9.29776485888253
1.39 -9.40880768954226
1.4 -9.51056516295155
1.41 -9.60293685676944
1.42 -9.68583161128632
1.43 -9.75916761938748
1.44 -9.82287250728689
1.45 -9.87688340595138
1.46 -9.92114701314478
1.47 -9.9556196460308
1.48 -9.98026728428272
1.49 -9.99506560365732
1.5 -10
1.51 -9.99506560365731
1.52 -9.98026728428271
1.53 -9.9556196460308
1.54 -9.92114701314477
1.55 -9.87688340595137
1.56 -9.82287250728688
1.57 -9.75916761938747
1.58 -9.6858316112863
1.59 -9.60293685676942
1.6 -9.51056516295153
1.61 -9.40880768954224
1.62 -9.2977648588825
1.63 -9.1775462568398
1.64 -9.04827052466018
1.65 -8.91006524188366
1.66 -8.76306680043862
1.67 -8.60742027003942
1.68 -8.44327925502013
1.69 -8.2708057427456
1.7 -8.09016994374945
1.71 -7.90155012375688
1.72 -7.70513242775787
1.73 -7.50111069630457
1.74 -7.28968627421409
1.75 -7.07106781186545
1.76 -6.84547105928686
1.77 -6.61311865323649
1.78 -6.37423989748687
1.79 -6.12907053652973
1.8 -5.8778525229247
1.81 -5.62083377852127
1.82 -5.35826794978993
1.83 -5.09041415750367
1.84 -4.81753674101711
1.85 -4.53990499739543
1.86 -4.25779291565069
1.87 -3.97147890634777
1.88 -3.68124552684674
1.89 -3.38737920245287
1.9 -3.09016994374943
1.91 -2.78991106039225
1.92 -2.4868988716485
1.93 -2.18143241396538
1.94 -1.8738131458572
1.95 -1.56434465040227
1.96 -1.25333233564299
1.97 -0.941083133185096
1.98 -0.627905195293088
1.99 -0.314107590781239
2 4.19597082773615E-14
2.01 0.314107590781314
2.02 0.627905195293163
2.03 0.941083133185162
2.04 1.25333233564305
2.05 1.56434465040232
2.06 1.87381314585724
2.07 2.18143241396542
2.08 2.48689887164853
2.09 2.78991106039227
2.1 3.09016994374945
2.11 3.38737920245288
2.12 3.68124552684674
2.13 3.97147890634777
2.14 4.25779291565068
2.15 4.53990499739541
2.16 4.81753674101709
2.17 5.09041415750365
2.18 5.3582679497899
2.19 5.62083377852123
2.2 5.87785252292466
2.21 6.12907053652968
2.22 6.37423989748682
2.23 6.61311865323643
2.24 6.84547105928679
2.25 7.07106781186539
2.26 7.28968627421402
2.27 7.5011106963045
2.28 7.7051324277578
2.29 7.90155012375681
2.3 8.09016994374938
2.31 8.27080574274553
2.32 8.44327925502006
2.33 8.60742027003934
2.34 8.76306680043855
2.35 8.91006524188359
2.36 9.04827052466011
2.37 9.17754625683973
2.38 9.29776485888244
2.39 9.40880768954218
2.4 9.51056516295147
2.41 9.60293685676936
2.42 9.68583161128625
2.43 9.75916761938742
2.44 9.82287250728684
2.45 9.87688340595134
2.46 9.92114701314474
2.47 9.95561964603077
2.48 9.9802672842827
2.49 9.99506560365731
2.5 10
2.51 9.99506560365733
2.52 9.98026728428273
2.53 9.95561964603083
2.54 9.92114701314482
2.55 9.87688340595143
2.56 9.82287250728695
2.57 9.75916761938755
2.58 9.6858316112864
2.59 9.60293685676953
2.6 9.51056516295165
2.61 9.40880768954238
2.62 9.29776485888265
2.63 9.17754625683996
2.64 9.04827052466036
2.65 8.91006524188386
2.66 8.76306680043883
2.67 8.60742027003964
2.68 8.44327925502037
2.69 8.27080574274586
2.7 8.09016994374973
2.71 7.90155012375717
2.72 7.70513242775818
2.73 7.50111069630489
2.74 7.28968627421443
2.75 7.0710678118658
2.76 6.84547105928723
2.77 6.61311865323688
2.78 6.37423989748727
2.79 6.12907053653016
2.8 5.87785252292514
2.81 5.62083377852172
2.82 5.35826794979039
2.83 5.09041415750416
2.84 4.81753674101761
2.85 4.53990499739594
2.86 4.25779291565121
2.87 3.97147890634831
2.88 3.68124552684729
2.89 3.38737920245343
2.9 3.09016994375002
2.91 2.78991106039284
2.92 2.48689887164911
2.93 2.18143241396599
2.94 1.87381314585783
2.95 1.5643446504029
2.96 1.25333233564364
2.97 0.941083133185761
2.98 0.627905195293754
2.99 0.314107590781906
3 6.25398712851555E-13
3.01 -0.314107590780638
3.02 -0.627905195292488
3.03 -0.941083133184498
3.04 -1.2533323356424
3.05 -1.56434465040165
3.06 -1.87381314585659
3.07 -2.18143241396477
3.08 -2.48689887164788
3.09 -2.78991106039163
3.1 -3.09016994374881
3.11 -3.38737920245226
3.12 -3.68124552684611
3.13 -3.97147890634715
3.14 -4.25779291565007
3.15 -4.53990499739482
3.16 -4.8175367410165
3.17 -5.09041415750307
3.18 -5.35826794978934
3.19 -5.62083377852067
3.2 -5.87785252292411
3.21 -6.12907053652916
3.22 -6.3742398974863
3.23 -6.61311865323593
3.24 -6.84547105928631
3.25 -7.07106781186491
3.26 -7.28968627421356
3.27 -7.50111069630406
3.28 -7.70513242775737
3.29 -7.9015501237564
3.3 -8.09016994374898
3.31 -8.27080574274514
3.32 -8.4432792550197
3.33 -8.60742027003901
3.34 -8.76306680043822
3.35 -8.91006524188329
3.36 -9.04827052465983
3.37 -9.17754625683946
3.38 -9.29776485888219
3.39 -9.40880768954195
3.4 -9.51056516295126
3.41 -9.60293685676918
3.42 -9.68583161128608
3.43 -9.75916761938727
3.44 -9.82287250728671
3.45 -9.87688340595123
3.46 -9.92114701314466
3.47 -9.95561964603071
3.48 -9.98026728428266
3.49 -9.99506560365728
3.5 -10
3.51 -9.99506560365735
3.52 -9.98026728428278
3.53 -9.95561964603089
3.54 -9.9211470131449
3.55 -9.87688340595153
3.56 -9.82287250728708
3.57 -9.75916761938769
3.58 -9.68583161128656
3.59 -9.60293685676972
3.6 -9.51056516295185
3.61 -9.40880768954261
3.62 -9.2977648588829
3.63 -9.17754625684023
3.64 -9.04827052466065
3.65 -8.91006524188416
3.66 -8.76306680043916
3.67 -8.60742027003999
3.68 -8.44327925502073
3.69 -8.27080574274623
3.7 -8.09016994375012
3.71 -7.90155012375758
3.72 -7.7051324277586
3.73 -7.50111069630534
3.74 -7.28968627421489
3.75 -7.07106781186628
3.76 -6.84547105928771
3.77 -6.61311865323738
3.78 -6.37423989748779
3.79 -6.12907053653068
3.8 -5.87785252292568
3.81 -5.62083377852228
3.82 -5.35826794979096
3.83 -5.09041415750473
3.84 -4.81753674101821
3.85 -4.53990499739654
3.86 -4.25779291565182
3.87 -3.97147890634891
3.88 -3.68124552684792
3.89 -3.38737920245407
3.9 -3.09016994375064
3.91 -2.78991106039349
3.92 -2.48689887164976
3.93 -2.18143241396665
3.94 -1.87381314585848
3.95 -1.56434465040357
3.96 -1.25333233564431
3.97 -0.941083133186416
3.98 -0.627905195294411
3.99 -0.314107590782582
4 -1.30163891817747E-12
4.01 0.31410759077998
4.02 0.627905195291831
4.03 0.941083133183842
4.04 1.25333233564174
4.05 1.564344650401
4.06 1.87381314585594
4.07 2.18143241396413
4.08 2.48689887164726
4.09 2.78991106039099
4.1 3.09016994374819
4.11 3.38737920245164
4.12 3.6812455268455
4.13 3.97147890634654
4.14 4.25779291564948
4.15 4.53990499739424
4.16 4.81753674101592
4.17 5.09041415750251
4.18 5.35826794978878
4.19 5.62083377852013
4.2 5.87785252292358
4.21 6.12907053652864
4.22 6.3742398974858
4.23 6.61311865323543
4.24 6.84547105928583
4.25 7.07106781186445
4.26 7.28968627421312
4.27 7.50111069630362
4.28 7.70513242775695
4.29 7.901550123756
4.3 8.09016994374859
4.31 8.27080574274478
4.32 8.44327925501935
4.33 8.60742027003867
4.34 8.7630668004379
4.35 8.91006524188299
4.36 9.04827052465954
4.37 9.1775462568392
4.38 9.29776485888194
4.39 9.40880768954173
4.4 9.51056516295106
4.41 9.60293685676899
4.42 9.68583161128592
4.43 9.75916761938713
4.44 9.82287250728659
4.45 9.87688340595113
4.46 9.92114701314458
4.47 9.95561964603065
4.48 9.98026728428261
4.49 9.99506560365726
4.5 10
4.51 9.99506560365737
4.52 9.98026728428282
4.53 9.95561964603096
4.54 9.92114701314499
4.55 9.87688340595163
4.56 9.8228725072872
4.57 9.75916761938784
4.58 9.68583161128673
4.59 9.6029368567699
4.6 9.51056516295206
4.61 9.40880768954283
4.62 9.29776485888314
4.63 9.17754625684049
4.64 9.04827052466093
4.65 8.91006524188446
4.66 8.76306680043947
4.67 8.60742027004032
4.68 8.44327925502108
4.69 8.2708057427466
4.7 8.09016994375051
4.71 7.90155012375799
4.72 7.70513242775902
4.73 7.50111069630577
4.74 7.28968627421534
4.75 7.07106781186674
4.76 6.84547105928819
4.77 6.61311865323788
4.78 6.3742398974883
4.79 6.1290705365312
4.8 5.8778525229262
4.81 5.62083377852283
4.82 5.35826794979152
4.83 5.0904141575053
4.84 4.81753674101878
4.85 4.53990499739713
4.86 4.25779291565241
4.87 3.97147890634952
4.88 3.68124552684853
4.89 3.38737920245469
4.9 3.09016994375127
4.91 2.78991106039411
4.92 2.4868988716504
4.93 2.18143241396729
4.94 1.87381314585913
4.95 1.56434465040422
4.96 1.25333233564496
4.97 0.941083133187072
4.98 0.627905195295069
4.99 0.31410759078324
5 1.96011555510939E-12
