0
0,01
True
0 0
0,01 0,1
0,02 0,2
0,03 0,3
0,04 0,4
0,05 0,5
0,06 0,6
0,07 0,7
0,08 0,8
0,09 0,9
0,1 1
0,11 1,1
0,12 1,2
0,13 1,3
0,14 1,4
0,15 1,5
0,16 1,6
0,17 1,7
0,18 1,8
0,19 1,9
0,2 2
0,21 2,1
0,22 2,2
0,23 2,3
0,24 2,4
0,25 2,5
0,26 2,6
0,27 2,7
0,28 2,8
0,29 2,9
0,3 3
0,31 3,1
0,32 3,2
0,33 3,3
0,34 3,4
0,35 3,5
0,36 3,6
0,37 3,7
0,38 3,8
0,39 3,9
0,4 4
0,41 4,1
0,42 4,2
0,43 4,3
0,44 4,4
0,45 4,5
0,46 4,6
0,47 4,7
0,48 4,8
0,49 4,9
0,5 5
0,51 5,1
0,52 5,2
0,53 5,3
0,54 5,4
0,55 5,5
0,56 5,6
0,57 5,7
0,58 5,8
0,59 5,9
0,6 6
0,61 6,1
0,62 6,2
0,63 6,3
0,64 6,4
0,65 6,5
0,66 6,6
0,67 6,7
0,68 6,8
0,69 6,9
0,7 7
0,71 7,1
0,72 7,2
0,73 7,3
0,74 7,4
0,75 7,5
0,76 7,60000000000001
0,77 7,7
0,78 7,8
0,79 7,9
0,8 8,00000000000001
0,81 8,10000000000001
0,82 8,2
0,83 8,3
0,84 8,40000000000001
0,85 8,50000000000001
0,86 8,60000000000001
0,87 8,70000000000001
0,88 8,80000000000001
0,89 8,90000000000001
0,9 9,00000000000001
0,91 9,10000000000001
0,92 9,20000000000001
0,93 9,30000000000001
0,94 9,40000000000001
0,95 9,50000000000001
0,96 9,60000000000001
0,97 9,70000000000001
0,98 9,80000000000001
0,99 9,90000000000001
1 9,99999999999999
1,01 9,89999999999999
1,02 9,79999999999999
1,03 9,69999999999999
1,04 9,59999999999999
1,05 9,49999999999999
1,06 9,39999999999999
1,07 9,29999999999999
1,08 9,19999999999999
1,09 9,09999999999999
1,1 8,99999999999999
1,11 8,89999999999999
1,12 8,79999999999999
1,13 8,69999999999999
1,14 8,59999999999999
1,15 8,49999999999999
1,16 8,39999999999999
1,17 8,29999999999999
1,18 8,19999999999999
1,19 8,09999999999999
1,2 7,99999999999999
1,21 7,89999999999999
1,22 7,79999999999999
1,23 7,69999999999999
1,24 7,59999999999999
1,25 7,49999999999999
1,26 7,39999999999999
1,27 7,29999999999999
1,28 7,19999999999999
1,29 7,09999999999999
1,3 6,99999999999999
1,31 6,89999999999999
1,32 6,79999999999999
1,33 6,69999999999999
1,34 6,59999999999999
1,35 6,49999999999999
1,36 6,39999999999999
1,37 6,29999999999999
1,38 6,19999999999999
1,39 6,09999999999999
1,4 5,99999999999999
1,41 5,89999999999999
1,42 5,79999999999999
1,43 5,69999999999999
1,44 5,59999999999999
1,45 5,49999999999999
1,46 5,39999999999999
1,47 5,29999999999999
1,48 5,19999999999999
1,49 5,09999999999999
1,5 4,99999999999999
1,51 4,89999999999999
1,52 4,79999999999999
1,53 4,69999999999999
1,54 4,59999999999999
1,55 4,49999999999999
1,56 4,39999999999999
1,57 4,29999999999999
1,58 4,19999999999999
1,59 4,09999999999999
1,6 3,99999999999999
1,61 3,89999999999999
1,62 3,79999999999999
1,63 3,69999999999999
1,64 3,59999999999999
1,65 3,49999999999999
1,66 3,39999999999999
1,67 3,29999999999999
1,68 3,19999999999999
1,69 3,09999999999999
1,7 2,99999999999999
1,71 2,89999999999999
1,72 2,79999999999999
1,73 2,69999999999999
1,74 2,59999999999999
1,75 2,49999999999999
1,76 2,39999999999999
1,77 2,29999999999999
1,78 2,19999999999999
1,79 2,09999999999999
1,8 1,99999999999999
1,81 1,89999999999998
1,82 1,79999999999999
1,83 1,69999999999999
1,84 1,59999999999999
1,85 1,49999999999999
1,86 1,39999999999998
1,87 1,29999999999999
1,88 1,19999999999999
1,89 1,09999999999999
1,9 0,999999999999986
1,91 0,899999999999984
1,92 0,799999999999987
1,93 0,699999999999985
1,94 0,599999999999984
1,95 0,499999999999986
1,96 0,399999999999984
1,97 0,299999999999983
1,98 0,199999999999985
1,99 0,0999999999999837
2 1,33226762955019E-14
2,01 0,100000000000011
2,02 0,200000000000009
2,03 0,300000000000007
2,04 0,400000000000005
2,05 0,500000000000003
2,06 0,600000000000001
2,07 0,699999999999998
2,08 0,799999999999996
2,09 0,899999999999994
2,1 0,999999999999992
2,11 1,09999999999999
2,12 1,19999999999999
2,13 1,29999999999999
2,14 1,39999999999998
2,15 1,49999999999998
2,16 1,59999999999998
2,17 1,69999999999998
2,18 1,79999999999997
2,19 1,89999999999997
2,2 1,99999999999997
2,21 2,09999999999997
2,22 2,19999999999997
2,23 2,29999999999996
2,24 2,39999999999996
2,25 2,49999999999996
2,26 2,59999999999996
2,27 2,69999999999996
2,28 2,79999999999995
2,29 2,89999999999995
2,3 2,99999999999995
2,31 3,09999999999995
2,32 3,19999999999995
2,33 3,29999999999994
2,34 3,39999999999994
2,35 3,49999999999994
2,36 3,59999999999994
2,37 3,69999999999993
2,38 3,79999999999993
2,39 3,89999999999993
2,4 3,99999999999993
2,41 4,09999999999993
2,42 4,19999999999992
2,43 4,29999999999992
2,44 4,39999999999992
2,45 4,49999999999992
2,46 4,59999999999992
2,47 4,69999999999991
2,48 4,79999999999991
2,49 4,89999999999991
2,5 4,99999999999991
2,51 5,0999999999999
2,52 5,1999999999999
2,53 5,2999999999999
2,54 5,3999999999999
2,55 5,4999999999999
2,56 5,59999999999989
2,57 5,69999999999989
2,58 5,79999999999989
2,59 5,89999999999989
2,6 5,99999999999989
2,61 6,09999999999988
2,62 6,19999999999988
2,63 6,29999999999988
2,64 6,39999999999988
2,65 6,49999999999987
2,66 6,59999999999987
2,67 6,69999999999987
2,68 6,79999999999987
2,69 6,89999999999987
2,7 6,99999999999986
2,71 7,09999999999986
2,72 7,19999999999986
2,73 7,29999999999986
2,74 7,39999999999986
2,75 7,49999999999985
2,76 7,59999999999985
2,77 7,69999999999985
2,78 7,79999999999985
2,79 7,89999999999984
2,8 7,99999999999984
2,81 8,09999999999984
2,82 8,19999999999984
2,83 8,29999999999984
2,84 8,39999999999984
2,85 8,49999999999983
2,86 8,59999999999983
2,87 8,69999999999983
2,88 8,79999999999983
2,89 8,89999999999982
2,9 8,99999999999982
2,91 9,09999999999982
2,92 9,19999999999982
2,93 9,29999999999982
2,94 9,39999999999981
2,95 9,49999999999981
2,96 9,59999999999981
2,97 9,69999999999981
2,98 9,79999999999981
2,99 9,8999999999998
3 9,9999999999998
3,01 9,9000000000002
3,02 9,8000000000002
3,03 9,70000000000021
3,04 9,60000000000021
3,05 9,50000000000021
3,06 9,40000000000021
3,07 9,30000000000021
3,08 9,20000000000022
3,09 9,10000000000022
3,1 9,00000000000022
3,11 8,90000000000022
3,12 8,80000000000022
3,13 8,70000000000023
3,14 8,60000000000023
3,15 8,50000000000023
3,16 8,40000000000023
3,17 8,30000000000024
3,18 8,20000000000024
3,19 8,10000000000024
3,2 8,00000000000024
3,21 7,90000000000024
3,22 7,80000000000025
3,23 7,70000000000025
3,24 7,60000000000025
3,25 7,50000000000025
3,26 7,40000000000025
3,27 7,30000000000026
3,28 7,20000000000026
3,29 7,10000000000026
3,3 7,00000000000026
3,31 6,90000000000027
3,32 6,80000000000027
3,33 6,70000000000027
3,34 6,60000000000027
3,35 6,50000000000027
3,36 6,40000000000028
3,37 6,30000000000028
3,38 6,20000000000028
3,39 6,10000000000028
3,4 6,00000000000028
3,41 5,90000000000029
3,42 5,80000000000029
3,43 5,70000000000029
3,44 5,60000000000029
3,45 5,50000000000029
3,46 5,4000000000003
3,47 5,3000000000003
3,48 5,2000000000003
3,49 5,1000000000003
3,5 5,00000000000031
3,51 4,90000000000031
3,52 4,80000000000031
3,53 4,70000000000031
3,54 4,60000000000031
3,55 4,50000000000032
3,56 4,40000000000032
3,57 4,30000000000032
3,58 4,20000000000032
3,59 4,10000000000032
3,6 4,00000000000033
3,61 3,90000000000033
3,62 3,80000000000033
3,63 3,70000000000033
3,64 3,60000000000034
3,65 3,50000000000034
3,66 3,40000000000034
3,67 3,30000000000034
3,68 3,20000000000034
3,69 3,10000000000035
3,7 3,00000000000035
3,71 2,90000000000035
3,72 2,80000000000035
3,73 2,70000000000035
3,74 2,60000000000036
3,75 2,50000000000036
3,76 2,40000000000036
3,77 2,30000000000036
3,78 2,20000000000037
3,79 2,10000000000037
3,8 2,00000000000037
3,81 1,90000000000037
3,82 1,80000000000037
3,83 1,70000000000038
3,84 1,60000000000038
3,85 1,50000000000038
3,86 1,40000000000038
3,87 1,30000000000038
3,88 1,20000000000039
3,89 1,10000000000039
3,9 1,00000000000039
3,91 0,900000000000393
3,92 0,800000000000395
3,93 0,700000000000397
3,94 0,600000000000399
3,95 0,500000000000401
3,96 0,400000000000404
3,97 0,300000000000406
3,98 0,200000000000408
3,99 0,10000000000041
4 4,12114786740858E-13
4,01 0,0999999999995893
4,02 0,199999999999587
4,03 0,299999999999585
4,04 0,399999999999583
4,05 0,499999999999581
4,06 0,599999999999579
4,07 0,699999999999577
4,08 0,799999999999574
4,09 0,899999999999572
4,1 0,99999999999957
4,11 1,09999999999957
4,12 1,19999999999957
4,13 1,29999999999956
4,14 1,39999999999956
4,15 1,49999999999956
4,16 1,59999999999956
4,17 1,69999999999956
4,18 1,79999999999955
4,19 1,89999999999955
4,2 1,99999999999955
4,21 2,09999999999955
4,22 2,19999999999954
4,23 2,29999999999954
4,24 2,39999999999954
4,25 2,49999999999954
4,26 2,59999999999954
4,27 2,69999999999953
4,28 2,79999999999953
4,29 2,89999999999953
4,3 2,99999999999953
4,31 3,09999999999953
4,32 3,19999999999952
4,33 3,29999999999952
4,34 3,39999999999952
4,35 3,49999999999952
4,36 3,59999999999951
4,37 3,69999999999951
4,38 3,79999999999951
4,39 3,89999999999951
4,4 3,99999999999951
4,41 4,0999999999995
4,42 4,1999999999995
4,43 4,2999999999995
4,44 4,3999999999995
4,45 4,4999999999995
4,46 4,59999999999949
4,47 4,69999999999949
4,48 4,79999999999949
4,49 4,89999999999949
4,5 4,99999999999948
4,51 5,09999999999948
4,52 5,19999999999948
4,53 5,29999999999948
4,54 5,39999999999948
4,55 5,49999999999947
4,56 5,59999999999947
4,57 5,69999999999947
4,58 5,79999999999947
4,59 5,89999999999947
4,6 5,99999999999946
4,61 6,09999999999946
4,62 6,19999999999946
4,63 6,29999999999946
4,64 6,39999999999946
4,65 6,49999999999945
4,66 6,59999999999945
4,67 6,69999999999945
4,68 6,79999999999945
4,69 6,89999999999944
4,7 6,99999999999944
4,71 7,09999999999944
4,72 7,19999999999944
4,73 7,29999999999944
4,74 7,39999999999943
4,75 7,49999999999943
4,76 7,59999999999943
4,77 7,69999999999943
4,78 7,79999999999943
4,79 7,89999999999942
4,8 7,99999999999942
4,81 8,09999999999942
4,82 8,19999999999942
4,83 8,29999999999941
4,84 8,39999999999941
4,85 8,49999999999941
4,86 8,59999999999941
4,87 8,69999999999941
4,88 8,7999999999994
4,89 8,8999999999994
4,9 8,9999999999994
4,91 9,0999999999994
4,92 9,1999999999994
4,93 9,29999999999939
4,94 9,39999999999939
4,95 9,49999999999939
4,96 9,59999999999939
4,97 9,69999999999938
4,98 9,79999999999938
4,99 9,89999999999938
5 9,99999999999938
5,01 9,90000000000062
5,02 9,80000000000063
5,03 9,70000000000063
5,04 9,60000000000063
5,05 9,50000000000063
5,06 9,40000000000063
5,07 9,30000000000064
5,08 9,20000000000064
5,09 9,10000000000064
5,1 9,00000000000064
5,11 8,90000000000065
5,12 8,80000000000065
5,13 8,70000000000065
5,14 8,60000000000065
5,15 8,50000000000065
5,16 8,40000000000066
5,17 8,30000000000066
5,18 8,20000000000066
5,19 8,10000000000066
5,2 8,00000000000066
5,21 7,90000000000067
5,22 7,80000000000067
5,23 7,70000000000067
5,24 7,60000000000067
5,25 7,50000000000068
5,26 7,40000000000068
5,27 7,30000000000068
5,28 7,20000000000068
5,29 7,10000000000068
5,3 7,00000000000069
5,31 6,90000000000069
5,32 6,80000000000069
5,33 6,70000000000069
5,34 6,60000000000069
5,35 6,5000000000007
5,36 6,4000000000007
5,37 6,3000000000007
5,38 6,2000000000007
5,39 6,1000000000007
5,4 6,00000000000071
5,41 5,90000000000071
5,42 5,80000000000071
5,43 5,70000000000071
5,44 5,60000000000072
5,45 5,50000000000072
5,46 5,40000000000072
5,47 5,30000000000072
5,48 5,20000000000072
5,49 5,10000000000073
5,5 5,00000000000073
5,51 4,90000000000073
5,52 4,80000000000073
5,53 4,70000000000073
5,54 4,60000000000074
5,55 4,50000000000074
5,56 4,40000000000074
5,57 4,30000000000074
5,58 4,20000000000075
5,59 4,10000000000075
5,6 4,00000000000075
5,61 3,90000000000075
5,62 3,80000000000075
5,63 3,70000000000076
5,64 3,60000000000076
5,65 3,50000000000076
5,66 3,40000000000076
5,67 3,30000000000076
5,68 3,20000000000077
5,69 3,10000000000077
5,7 3,00000000000077
5,71 2,90000000000077
5,72 2,80000000000078
5,73 2,70000000000078
5,74 2,60000000000078
5,75 2,50000000000078
5,76 2,40000000000078
5,77 2,30000000000079
5,78 2,20000000000079
5,79 2,10000000000079
5,8 2,00000000000079
5,81 1,90000000000079
5,82 1,8000000000008
5,83 1,7000000000008
5,84 1,6000000000008
5,85 1,5000000000008
5,86 1,40000000000081
5,87 1,30000000000081
5,88 1,20000000000081
5,89 1,10000000000081
5,9 1,00000000000081
5,91 0,900000000000816
5,92 0,800000000000818
5,93 0,70000000000082
5,94 0,600000000000822
5,95 0,500000000000824
5,96 0,400000000000826
5,97 0,300000000000828
5,98 0,200000000000831
5,99 0,100000000000833
6 8,34887714518118E-13
6,01 0,099999999999163
6,02 0,199999999999161
6,03 0,299999999999159
6,04 0,399999999999157
6,05 0,499999999999154
6,06 0,599999999999152
6,07 0,69999999999915
6,08 0,799999999999148
6,09 0,899999999999146
6,1 0,999999999999144
6,11 1,09999999999914
6,12 1,19999999999914
6,13 1,29999999999914
6,14 1,39999999999914
6,15 1,49999999999913
6,16 1,59999999999913
6,17 1,69999999999913
6,18 1,79999999999913
6,19 1,89999999999912
6,2 1,99999999999912
6,21 2,09999999999912
6,22 2,19999999999912
6,23 2,29999999999912
6,24 2,39999999999911
6,25 2,49999999999911
6,26 2,59999999999911
6,27 2,69999999999911
6,28 2,79999999999911
6,29 2,8999999999991
6,3 2,9999999999991
6,31 3,0999999999991
6,32 3,1999999999991
6,33 3,29999999999909
6,34 3,39999999999909
6,35 3,49999999999909
6,36 3,59999999999909
6,37 3,69999999999909
6,38 3,79999999999908
6,39 3,89999999999908
6,4 3,99999999999908
6,41 4,09999999999908
6,42 4,19999999999908
6,43 4,29999999999907
6,44 4,39999999999907
6,45 4,49999999999907
6,46 4,59999999999907
6,47 4,69999999999906
6,48 4,79999999999906
6,49 4,89999999999906
6,5 4,99999999999906
6,51 5,09999999999906
6,52 5,19999999999905
6,53 5,29999999999905
6,54 5,39999999999905
6,55 5,49999999999905
6,56 5,59999999999905
6,57 5,69999999999904
6,58 5,79999999999904
6,59 5,89999999999904
6,6 5,99999999999904
6,61 6,09999999999904
6,62 6,19999999999903
6,63 6,29999999999903
6,64 6,39999999999903
6,65 6,49999999999903
6,66 6,59999999999902
6,67 6,69999999999902
6,68 6,79999999999902
6,69 6,89999999999902
6,7 6,99999999999902
6,71 7,09999999999901
6,72 7,19999999999901
6,73 7,29999999999901
6,74 7,39999999999901
6,75 7,49999999999901
6,76 7,599999999999
6,77 7,699999999999
6,78 7,799999999999
6,79 7,899999999999
6,8 7,99999999999899
6,81 8,09999999999899
6,82 8,19999999999899
6,83 8,29999999999899
6,84 8,39999999999899
6,85 8,49999999999898
6,86 8,59999999999898
6,87 8,69999999999898
6,88 8,79999999999898
6,89 8,89999999999898
6,9 8,99999999999897
6,91 9,09999999999897
6,92 9,19999999999897
6,93 9,29999999999897
6,94 9,39999999999896
6,95 9,49999999999896
6,96 9,59999999999896
6,97 9,69999999999896
6,98 9,79999999999896
6,99 9,89999999999895
7 9,99999999999895
7,01 9,90000000000105
7,02 9,80000000000105
7,03 9,70000000000105
7,04 9,60000000000106
7,05 9,50000000000106
7,06 9,40000000000106
7,07 9,30000000000106
7,08 9,20000000000107
7,09 9,10000000000107
7,1 9,00000000000107
7,11 8,90000000000107
7,12 8,80000000000107
7,13 8,70000000000108
7,14 8,60000000000108
7,15 8,50000000000108
7,16 8,40000000000108
7,17 8,30000000000108
7,18 8,20000000000109
7,19 8,10000000000109
7,2 8,00000000000109
7,21 7,90000000000109
7,22 7,80000000000109
7,23 7,7000000000011
7,24 7,6000000000011
7,25 7,5000000000011
7,26 7,4000000000011
7,27 7,30000000000111
7,28 7,20000000000111
7,29 7,10000000000111
7,3 7,00000000000111
7,31 6,90000000000111
7,32 6,80000000000112
7,33 6,70000000000112
7,34 6,60000000000112
7,35 6,50000000000112
7,36 6,40000000000112
7,37 6,30000000000113
7,38 6,20000000000113
7,39 6,10000000000113
7,4 6,00000000000113
7,41 5,90000000000114
7,42 5,80000000000114
7,43 5,70000000000114
7,44 5,60000000000114
7,45 5,50000000000114
7,46 5,40000000000115
7,47 5,30000000000115
7,48 5,20000000000115
7,49 5,10000000000115
7,5 5,00000000000115
7,51 4,90000000000116
7,52 4,80000000000116
7,53 4,70000000000116
7,54 4,60000000000116
7,55 4,50000000000117
7,56 4,40000000000117
7,57 4,30000000000117
7,58 4,20000000000117
7,59 4,10000000000117
7,6 4,00000000000118
7,61 3,90000000000118
7,62 3,80000000000118
7,63 3,70000000000118
7,64 3,60000000000118
7,65 3,50000000000119
7,66 3,40000000000119
7,67 3,30000000000119
7,68 3,20000000000119
7,69 3,1000000000012
7,7 3,0000000000012
7,71 2,9000000000012
7,72 2,8000000000012
7,73 2,7000000000012
7,74 2,60000000000121
7,75 2,50000000000121
7,76 2,40000000000121
7,77 2,30000000000121
7,78 2,20000000000121
7,79 2,10000000000122
7,8 2,00000000000122
7,81 1,90000000000122
7,82 1,80000000000122
7,83 1,70000000000122
7,84 1,60000000000123
7,85 1,50000000000123
7,86 1,40000000000123
7,87 1,30000000000123
7,88 1,20000000000124
7,89 1,10000000000124
7,9 1,00000000000124
7,91 0,900000000001242
7,92 0,800000000001244
7,93 0,700000000001246
7,94 0,600000000001248
7,95 0,500000000001251
7,96 0,400000000001253
7,97 0,300000000001255
7,98 0,200000000001257
7,99 0,100000000001259
8 1,26121335597418E-12
8,01 0,0999999999987367
8,02 0,199999999998735
8,03 0,299999999998732
8,04 0,39999999999873
8,05 0,499999999998728
8,06 0,599999999998726
8,07 0,699999999998724
8,08 0,799999999998722
8,09 0,89999999999872
8,1 0,999999999998717
8,11 1,09999999999872
8,12 1,19999999999871
8,13 1,29999999999871
8,14 1,39999999999871
8,15 1,49999999999871
8,16 1,5999999999987
8,17 1,6999999999987
8,18 1,7999999999987
8,19 1,8999999999987
8,2 1,9999999999987
8,21 2,09999999999869
8,22 2,19999999999869
8,23 2,29999999999869
8,24 2,39999999999869
8,25 2,49999999999869
8,26 2,59999999999868
8,27 2,69999999999868
8,28 2,79999999999868
8,29 2,89999999999868
8,3 2,99999999999867
8,31 3,09999999999867
8,32 3,19999999999867
8,33 3,29999999999867
8,34 3,39999999999867
8,35 3,49999999999866
8,36 3,59999999999866
8,37 3,69999999999866
8,38 3,79999999999866
8,39 3,89999999999866
8,4 3,99999999999865
8,41 4,09999999999865
8,42 4,19999999999865
8,43 4,29999999999865
8,44 4,39999999999865
8,45 4,49999999999864
8,46 4,59999999999864
8,47 4,69999999999864
8,48 4,79999999999864
8,49 4,89999999999863
8,5 4,99999999999863
8,51 5,09999999999863
8,52 5,19999999999863
8,53 5,29999999999863
8,54 5,39999999999862
8,55 5,49999999999862
8,56 5,59999999999862
8,57 5,69999999999862
8,58 5,79999999999862
8,59 5,89999999999861
8,6 5,99999999999861
8,61 6,09999999999861
8,62 6,19999999999861
8,63 6,2999999999986
8,64 6,3999999999986
8,65 6,4999999999986
8,66 6,5999999999986
8,67 6,6999999999986
8,68 6,79999999999859
8,69 6,89999999999859
8,7 6,99999999999859
8,71 7,09999999999859
8,72 7,19999999999859
8,73 7,29999999999858
8,74 7,39999999999858
8,75 7,49999999999858
8,76 7,59999999999858
8,77 7,69999999999857
8,78 7,79999999999857
8,79 7,89999999999857
8,8 7,99999999999857
8,81 8,09999999999857
8,82 8,19999999999856
8,83 8,29999999999856
8,84 8,39999999999856
8,85 8,49999999999856
8,86 8,59999999999856
8,87 8,69999999999855
8,88 8,79999999999855
8,89 8,89999999999855
8,9 8,99999999999855
8,91 9,09999999999854
8,92 9,19999999999854
8,93 9,29999999999854
8,94 9,39999999999854
8,95 9,49999999999854
8,96 9,59999999999853
8,97 9,69999999999853
8,98 9,79999999999853
8,99 9,89999999999853
9 9,99999999999853
9,01 9,90000000000148
9,02 9,80000000000148
9,03 9,70000000000148
9,04 9,60000000000148
9,05 9,50000000000149
9,06 9,40000000000149
9,07 9,30000000000149
9,08 9,20000000000149
9,09 9,10000000000149
9,1 9,0000000000015
9,11 8,9000000000015
9,12 8,8000000000015
9,13 8,7000000000015
9,14 8,6000000000015
9,15 8,50000000000151
9,16 8,40000000000151
9,17 8,30000000000151
9,18 8,20000000000151
9,19 8,10000000000151
9,2 8,00000000000152
9,21 7,90000000000152
9,22 7,80000000000152
9,23 7,70000000000152
9,24 7,60000000000153
9,25 7,50000000000153
9,26 7,40000000000153
9,27 7,30000000000153
9,28 7,20000000000153
9,29 7,10000000000154
9,3 7,00000000000154
9,31 6,90000000000154
9,32 6,80000000000154
9,33 6,70000000000154
9,34 6,60000000000155
9,35 6,50000000000155
9,36 6,40000000000155
9,37 6,30000000000155
9,38 6,20000000000156
9,39 6,10000000000156
9,4 6,00000000000156
9,41 5,90000000000156
9,42 5,80000000000156
9,43 5,70000000000157
9,44 5,60000000000157
9,45 5,50000000000157
9,46 5,40000000000157
9,47 5,30000000000157
9,48 5,20000000000158
9,49 5,10000000000158
9,5 5,00000000000158
9,51 4,90000000000158
9,52 4,80000000000159
9,53 4,70000000000159
9,54 4,60000000000159
9,55 4,50000000000159
9,56 4,40000000000159
9,57 4,3000000000016
9,58 4,2000000000016
9,59 4,1000000000016
9,6 4,0000000000016
9,61 3,9000000000016
9,62 3,80000000000161
9,63 3,70000000000161
9,64 3,60000000000161
9,65 3,50000000000161
9,66 3,40000000000162
9,67 3,30000000000162
9,68 3,20000000000162
9,69 3,10000000000162
9,7 3,00000000000162
9,71 2,90000000000163
9,72 2,80000000000163
9,73 2,70000000000163
9,74 2,60000000000163
9,75 2,50000000000163
9,76 2,40000000000164
9,77 2,30000000000164
9,78 2,20000000000164
9,79 2,10000000000164
9,8 2,00000000000164
9,81 1,90000000000165
9,82 1,80000000000165
9,83 1,70000000000165
9,84 1,60000000000165
9,85 1,50000000000166
9,86 1,40000000000166
9,87 1,30000000000166
9,88 1,20000000000166
9,89 1,10000000000166
9,9 1,00000000000167
9,91 0,900000000001668
9,92 0,80000000000167
9,93 0,700000000001673
9,94 0,600000000001675
9,95 0,500000000001677
9,96 0,400000000001679
9,97 0,300000000001681
9,98 0,200000000001683
9,99 0,100000000001685
10 1,68753899743024E-12
